$version=2
**** Load  :        33         Sgmnt:    1
YEAR BLK     1     2     3     4     5     6     7     8     9    10    11    12
2025   1236.56226.19247.31   175147.85145.83141.13154.57194.44197.58222.22215.05
2025   2350.81348.21353.49366.67385.75383.33377.69393.82   375376.34347.22345.43
2025   3412.63 425.6399.19458.33 466.4470.83481.18451.61430.56426.08430.56439.52
2026   1236.56226.19247.31   175147.85145.83141.13154.57194.44197.58222.22215.05
2026   2350.81348.21353.49366.67385.75383.33377.69393.82   375376.34347.22345.43
2026   3412.63 425.6399.19458.33 466.4470.83481.18451.61430.56426.08430.56439.52
2027   1240.11229.58251.02177.63150.07148.02143.25156.89197.36200.54225.56218.28
2027   2356.07353.44 358.8372.17391.54389.08383.35399.72380.63381.99352.43350.61
2027   3418.82431.98405.18465.21473.39 477.9 488.4458.39437.01432.47437.01446.11
2028   1 243.7233.02254.78180.29152.31150.24145.39159.24200.32203.55228.93221.55
2028   2 361.4358.73364.17377.74 397.4394.91389.09405.71386.33387.71357.71355.86
2028   3 425.1438.45411.25472.18480.48485.05495.71465.25443.56438.94443.56452.79
2029   1247.37236.53258.61   183154.61 152.5147.58161.63203.33206.61232.38224.88
2029   2366.84364.13369.65383.42403.38400.85394.95411.81392.14393.54363.09361.22
2029   3431.49445.04417.44479.28487.71492.35503.17472.25450.23445.55450.23 459.6
2030   1251.08240.08 262.5185.75156.93154.79149.79164.06206.38209.71235.87228.26
2030   2372.35369.59 375.2389.18409.44406.87400.88   418398.03399.45368.54366.64
2030   3437.97451.73 423.7486.48495.03499.74510.73479.34456.99452.24456.99 466.5
**** Load  :       117         Sgmnt:    1
YEAR BLK     1     2     3     4     5     6     7     8     9    10    11    12
2025   14151.95112.83561.83764.23700.73717.53254.43686.5  24882142.82255.72362.2
2025   2 105789860.46747.35872.95937.25493.8  49495207.45187.45583.95922.76328.4
2025   3 12131 113217638.97282.47563.3  64626047.65878.86484.26749.37266.58053.9
2026   14151.95112.83561.83764.23700.73717.53254.43686.5  24882142.82255.72362.2
2026   2 105789860.46747.35872.95937.25493.8  49495207.45187.45583.95922.76328.4
2026   3 12131 113217638.97282.47563.3  64626047.65878.86484.26749.37266.58053.9
2027   14151.95112.83561.83764.23700.73717.53254.43686.5  24882142.82255.72362.2
2027   2 105789860.46747.35872.95937.25493.8  49495207.45187.45583.95922.76328.4
2027   3 12131 113217638.97282.47563.3  64626047.65878.86484.26749.37266.58053.9
2028   14151.95112.83561.83764.23700.73717.53254.43686.5  24882142.82255.72362.2
2028   2 105789860.46747.35872.95937.25493.8  49495207.45187.45583.95922.76328.4
2028   3 12131 113217638.97282.47563.3  64626047.65878.86484.26749.37266.58053.9
2029   14151.95112.83561.83764.23700.73717.53254.43686.5  24882142.82255.72362.2
2029   2 105789860.46747.35872.95937.25493.8  49495207.45187.45583.95922.76328.4
2029   3 12131 113217638.97282.47563.3  64626047.65878.86484.26749.37266.58053.9
2030   14151.95112.83561.83764.23700.73717.53254.43686.5  24882142.82255.72362.2
2030   2 105789860.46747.35872.95937.25493.8  49495207.45187.45583.95922.76328.4
2030   3 12131 113217638.97282.47563.3  64626047.65878.86484.26749.37266.58053.9
**** Load  :       118         Sgmnt:    1
YEAR BLK     1     2     3     4     5     6     7     8     9    10    11    12
2025   1  15941940.51914.61965.51870.81897.11680.8  18091206.81025.61165.51256.6
2025   24061.23741.13623.23065.82994.12797.82528.2  25302506.22675.93057.83362.8
2025   34657.24296.8  41023801.73816.53290.9  30902857.13129.63224.73748.74284.9
2026   1  15941940.51914.61965.51870.81897.11680.8  18091206.81025.61165.51256.6
2026   24061.23741.13623.23065.82994.12797.82528.2  25302506.22675.93057.83362.8
2026   34657.24296.8  41023801.73816.53290.9  30902857.13129.63224.73748.74284.9
2027   1  15941940.51914.61965.51870.81897.11680.8  18091206.81025.61165.51256.6
2027   24061.23741.13623.23065.82994.12797.82528.2  25302506.22675.93057.83362.8
2027   34657.24296.8  41023801.73816.53290.9  30902857.13129.63224.73748.74284.9
2028   1  15941940.51914.61965.51870.81897.11680.8  18091206.81025.61165.51256.6
2028   24061.23741.13623.23065.82994.12797.82528.2  25302506.22675.93057.83362.8
2028   34657.24296.8  41023801.73816.53290.9  30902857.13129.63224.73748.74284.9
2029   1  15941940.51914.61965.51870.81897.11680.8  18091206.81025.61165.51256.6
2029   24061.23741.13623.23065.82994.12797.82528.2  25302506.22675.93057.83362.8
2029   34657.24296.8  41023801.73816.53290.9  30902857.13129.63224.73748.74284.9
2030   1  15941940.51914.61965.51870.81897.11680.8  18091206.81025.61165.51256.6
2030   24061.23741.13623.23065.82994.12797.82528.2  25302506.22675.93057.83362.8
2030   34657.24296.8  41023801.73816.53290.9  30902857.13129.63224.73748.74284.9
**** Load  :       119         Sgmnt:    1
YEAR BLK     1     2     3     4     5     6     7     8     9    10    11    12
2025   1     0     0     0     0     0     0     0     02469.42668.13788.73795.9
2025   2     0     0     0     0     0     0     0     05076.76943.69957.8 10158
2025   3     0     0     0     0     0     0     0     06372.28383.6 12231 12942
2026   1     0     0     0     0     0     0     0     02469.42668.13788.73795.9
2026   2     0     0     0     0     0     0     0     05076.76943.69957.8 10158
2026   3     0     0     0     0     0     0     0     06372.28383.6 12231 12942
2027   1     0     0     0     0     0     0     0     02469.42668.13788.73795.9
2027   2     0     0     0     0     0     0     0     05076.76943.69957.8 10158
2027   3     0     0     0     0     0     0     0     06372.28383.6 12231 12942
2028   1     0     0     0     0     0     0     0     02469.42668.13788.73795.9
2028   2     0     0     0     0     0     0     0     05076.76943.69957.8 10158
2028   3     0     0     0     0     0     0     0     06372.28383.6 12231 12942
2029   1     0     0     0     0     0     0     0     02469.42668.13788.73795.9
2029   2     0     0     0     0     0     0     0     05076.76943.69957.8 10158
2029   3     0     0     0     0     0     0     0     06372.28383.6 12231 12942
2030   1     0     0     0     0     0     0     0     02469.42668.13788.73795.9
2030   2     0     0     0     0     0     0     0     05076.76943.69957.8 10158
2030   3     0     0     0     0     0     0     0     06372.28383.6 12231 12942
**** Load  :       123         Sgmnt:    1
YEAR BLK     1     2     3     4     5     6     7     8     9    10    11    12
2025   1 12354 15040 12964 13496 13549 12968 11398 127608613.97394.77894.98305.4
2025   2 31476 28965 24574 21061 21733 19182 17264 18030 17948 19280 20711 22238
2025   3 36096 33303 27821 26115 27655 22563 21135 20361 22398 23215 25419 28311
2026   1 12354 15040 12964 13496 13549 12968 11398 127608613.97394.77894.98305.4
2026   2 31476 28965 24574 21061 21733 19182 17264 18030 17948 19280 20711 22238
2026   3 36096 33303 27821 26115 27655 22563 21135 20361 22398 23215 25419 28311
2027   1 12354 15040 12964 13496 13549 12968 11398 127608613.97394.77894.98305.4
2027   2 31476 28965 24574 21061 21733 19182 17264 18030 17948 19280 20711 22238
2027   3 36096 33303 27821 26115 27655 22563 21135 20361 22398 23215 25419 28311
2028   1 12354 15040 12964 13496 13549 12968 11398 127608613.97394.77894.98305.4
2028   2 31476 28965 24574 21061 21733 19182 17264 18030 17948 19280 20711 22238
2028   3 36096 33303 27821 26115 27655 22563 21135 20361 22398 23215 25419 28311
2029   1 12354 15040 12964 13496 13549 12968 11398 127608613.97394.77894.98305.4
2029   2 31476 28965 24574 21061 21733 19182 17264 18030 17948 19280 20711 22238
2029   3 36096 33303 27821 26115 27655 22563 21135 20361 22398 23215 25419 28311
2030   1 12354 15040 12964 13496 13549 12968 11398 127608613.97394.77894.98305.4
2030   2 31476 28965 24574 21061 21733 19182 17264 18030 17948 19280 20711 22238
2030   3 36096 33303 27821 26115 27655 22563 21135 20361 22398 23215 25419 28311
**** Load  :       129         Sgmnt:    1
YEAR BLK     1     2     3     4     5     6     7     8     9    10    11    12
2025   11695.12063.62038.22112.42024.62077.91831.72013.11352.5  11581269.31352.2
2025   24318.83972.13861.1  32963242.33071.62771.52837.92813.93015.93320.83608.3
2025   34952.64569.44371.4  40874125.4  36133392.73204.83511.23626.84085.24603.8
2026   11695.12063.62038.22112.42024.62077.91831.72013.11352.5  11581269.31352.2
2026   24318.83972.13861.1  32963242.33071.62771.52837.92813.93015.93320.83608.3
2026   34952.64569.44371.4  40874125.4  36133392.73204.83511.23626.84085.24603.8
2027   11695.12063.62038.22112.42024.62077.91831.72013.11352.5  11581269.31352.2
2027   24318.83972.13861.1  32963242.33071.62771.52837.92813.93015.93320.83608.3
2027   34952.64569.44371.4  40874125.4  36133392.73204.83511.23626.84085.24603.8
2028   11695.12063.62038.22112.42024.62077.91831.72013.11352.5  11581269.31352.2
2028   24318.83972.13861.1  32963242.33071.62771.52837.92813.93015.93320.83608.3
2028   34952.64569.44371.4  40874125.4  36133392.73204.83511.23626.84085.24603.8
2029   11695.12063.62038.22112.42024.62077.91831.72013.11352.5  11581269.31352.2
2029   24318.83972.13861.1  32963242.33071.62771.52837.92813.93015.93320.83608.3
2029   34952.64569.44371.4  40874125.4  36133392.73204.83511.23626.84085.24603.8
2030   11695.12063.62038.22112.42024.62077.91831.72013.11352.5  11581269.31352.2
2030   24318.83972.13861.1  32963242.33071.62771.52837.92813.93015.93320.83608.3
2030   34952.64569.44371.4  40874125.4  36133392.73204.83511.23626.84085.24603.8
**** Load  :       131         Sgmnt:    1
YEAR BLK     1     2     3     4     5     6     7     8     9    10    11    12
2025   11695.12063.61941.82013.61930.71969.51735.41911.21284.61100.31202.51279.5
2025   24318.83972.13678.73141.83092.12911.52626.72691.12668.42855.83141.53414.2
2025   34952.64560.64164.93895.83934.33424.73213.53043.53335.53446.83870.4  4354
2026   11695.12063.61941.82013.61930.71969.51735.41911.21284.61100.31202.51279.5
2026   24318.83972.13678.73141.83092.12911.52626.72691.12668.42855.83141.53414.2
2026   34952.64560.64164.93895.83934.33424.73213.53043.53335.53446.83870.4  4354
2027   11695.12063.61941.82013.61930.71969.51735.41911.21284.61100.31202.51279.5
2027   24318.83972.13678.73141.83092.12911.52626.72691.12668.42855.83141.53414.2
2027   34952.64560.64164.93895.83934.33424.73213.53043.53335.53446.83870.4  4354
2028   11695.12063.61941.82013.61930.71969.51735.41911.21284.61100.31202.51279.5
2028   24318.83972.13678.73141.83092.12911.52626.72691.12668.42855.83141.53414.2
2028   34952.64560.64164.93895.83934.33424.73213.53043.53335.53446.83870.4  4354
2029   11695.12063.61941.82013.61930.71969.51735.41911.21284.61100.31202.51279.5
2029   24318.83972.13678.73141.83092.12911.52626.72691.12668.42855.83141.53414.2
2029   34952.64560.64164.93895.83934.33424.73213.53043.53335.53446.83870.4  4354
2030   11695.12063.61941.82013.61930.71969.51735.41911.21284.61100.31202.51279.5
2030   24318.83972.13678.73141.83092.12911.52626.72691.12668.42855.83141.53414.2
2030   34952.64560.64164.93895.83934.33424.73213.53043.53335.53446.83870.4  4354
**** Load  :       120         Sgmnt:    1
YEAR BLK     1     2     3     4     5     6     7     8     9    10    11    12
2025   1 10284 12515 12395 13999 13944 150509066.99008.65763.6  47986473.37377.4
2025   2 26201 24129 23608 21867 22398 22317 13706 12300 11927 12447 16852 19683
2025   3 30046 27704 26728 27115 28499 26250 16776 13854 14773 15027 20526 24907
2026   1 10284 12515 12395 13999 13944 150509066.99008.65763.6  47986473.37377.4
2026   2 26201 24129 23608 21867 22398 22317 13706 12300 11927 12447 16852 19683
2026   3 30046 27704 26728 27115 28499 26250 16776 13854 14773 15027 20526 24907
2027   1 10284 12515 12395 13999 13944 150509066.99008.65763.6  47986473.37377.4
2027   2 26201 24129 23608 21867 22398 22317 13706 12300 11927 12447 16852 19683
2027   3 30046 27704 26728 27115 28499 26250 16776 13854 14773 15027 20526 24907
2028   1 10284 12515 12395 13999 13944 150509066.99008.65763.6  47986473.37377.4
2028   2 26201 24129 23608 21867 22398 22317 13706 12300 11927 12447 16852 19683
2028   3 30046 27704 26728 27115 28499 26250 16776 13854 14773 15027 20526 24907
2029   1 10284 12515 12395 13999 13944 150509066.99008.65763.6  47986473.37377.4
2029   2 26201 24129 23608 21867 22398 22317 13706 12300 11927 12447 16852 19683
2029   3 30046 27704 26728 27115 28499 26250 16776 13854 14773 15027 20526 24907
2030   1 10284 12515 12395 13999 13944 150509066.99008.65763.6  47986473.37377.4
2030   2 26201 24129 23608 21867 22398 22317 13706 12300 11927 12447 16852 19683
2030   3 30046 27704 26728 27115 28499 26250 16776 13854 14773 15027 20526 24907
**** Load  :       121         Sgmnt:    1
YEAR BLK     1     2     3     4     5     6     7     8     9    10    11    12
2025   1  9111 103236149.96847.65030.26400.55789.27894.85201.44378.74798.94747.3
2025   2 18621 19633 11506 104878079.89491.78797.3 10833 10768 11001 12411 12416
2025   3 21339 22426 12891 13046 10362 11165 10682 12260 13419 13433 15410 15922
2026   1  9111 103236149.96847.65030.26400.55789.27894.85201.44378.74798.94747.3
2026   2 18621 19633 11506 104878079.89491.78797.3 10833 10768 11001 12411 12416
2026   3 21339 22426 12891 13046 10362 11165 10682 12260 13419 13433 15410 15922
2027   1  9111 103236149.96847.65030.26400.55789.27894.85201.44378.74798.94747.3
2027   2 18621 19633 11506 104878079.89491.78797.3 10833 10768 11001 12411 12416
2027   3 21339 22426 12891 13046 10362 11165 10682 12260 13419 13433 15410 15922
2028   1  9111 103236149.96847.65030.26400.55789.27894.85201.44378.74798.94747.3
2028   2 18621 19633 11506 104878079.89491.78797.3 10833 10768 11001 12411 12416
2028   3 21339 22426 12891 13046 10362 11165 10682 12260 13419 13433 15410 15922
2029   1  9111 103236149.96847.65030.26400.55789.27894.85201.44378.74798.94747.3
2029   2 18621 19633 11506 104878079.89491.78797.3 10833 10768 11001 12411 12416
2029   3 21339 22426 12891 13046 10362 11165 10682 12260 13419 13433 15410 15922
2030   1  9111 103236149.96847.65030.26400.55789.27894.85201.44378.74798.94747.3
2030   2 18621 19633 11506 104878079.89491.78797.3 10833 10768 11001 12411 12416
2030   3 21339 22426 12891 13046 10362 11165 10682 12260 13419 13433 15410 15922
**** Load  :       122         Sgmnt:    1
YEAR BLK     1     2     3     4     5     6     7     8     9    10    11    12
2025   18865.2 101406051.26656.14924.46244.25671.57672.35072.74270.44680.24640.9
2025   2 18298 19052 11174 102327894.29256.88579.6 10538 10502 10729 12166 12054
2025   3 20771 21965 12679 12677 10116 10874 10444 11935 12950 13009 14934 15511
2026   18865.2 101406051.26656.14924.46244.25671.57672.35072.74270.44680.24640.9
2026   2 18298 19052 11174 102327894.29256.88579.6 10538 10502 10729 12166 12054
2026   3 20771 21965 12679 12677 10116 10874 10444 11935 12950 13009 14934 15511
2027   18865.2 101406051.26656.14924.46244.25671.57672.35072.74270.44680.24640.9
2027   2 18298 19052 11174 102327894.29256.88579.6 10538 10502 10729 12166 12054
2027   3 20771 21965 12679 12677 10116 10874 10444 11935 12950 13009 14934 15511
2028   18865.2 101406051.26656.14924.46244.25671.57672.35072.74270.44680.24640.9
2028   2 18298 19052 11174 102327894.29256.88579.6 10538 10502 10729 12166 12054
2028   3 20771 21965 12679 12677 10116 10874 10444 11935 12950 13009 14934 15511
2029   18865.2 101406051.26656.14924.46244.25671.57672.35072.74270.44680.24640.9
2029   2 18298 19052 11174 102327894.29256.88579.6 10538 10502 10729 12166 12054
2029   3 20771 21965 12679 12677 10116 10874 10444 11935 12950 13009 14934 15511
2030   18865.2 101406051.26656.14924.46244.25671.57672.35072.74270.44680.24640.9
2030   2 18298 19052 11174 102327894.29256.88579.6 10538 10502 10729 12166 12054
2030   3 20771 21965 12679 12677 10116 10874 10444 11935 12950 13009 14934 15511
**** Load  :       124         Sgmnt:    1
YEAR BLK     1     2     3     4     5     6     7     8     9    10    11    12
2025   14410.95369.92657.33205.9 718.91945.61527.52192.51863.21452.92717.32634.6
2025   2 11238 103565034.94993.8  11922885.22287.63096.13524.8  36677142.67050.8
2025   3 12888 118905700.26159.8  15023389.62819.73496.34358.64433.78772.98982.8
2026   14410.95369.92657.33205.9 718.91945.61527.52192.51863.21452.92717.32634.6
2026   2 11238 103565034.94993.8  11922885.22287.63096.13524.8  36677142.67050.8
2026   3 12888 118905700.26159.8  15023389.62819.73496.34358.64433.78772.98982.8
2027   14410.95369.92657.33205.9 718.91945.61527.52192.51863.21452.92717.32634.6
2027   2 11238 103565034.94993.8  11922885.22287.63096.13524.8  36677142.67050.8
2027   3 12888 118905700.26159.8  15023389.62819.73496.34358.64433.78772.98982.8
2028   14410.95369.92657.33205.9 718.91945.61527.52192.51863.21452.92717.32634.6
2028   2 11238 103565034.94993.8  11922885.22287.63096.13524.8  36677142.67050.8
2028   3 12888 118905700.26159.8  15023389.62819.73496.34358.64433.78772.98982.8
2029   14410.95369.92657.33205.9 718.91945.61527.52192.51863.21452.92717.32634.6
2029   2 11238 103565034.94993.8  11922885.22287.63096.13524.8  36677142.67050.8
2029   3 12888 118905700.26159.8  15023389.62819.73496.34358.64433.78772.98982.8
2030   14410.95369.92657.33205.9 718.91945.61527.52192.51863.21452.92717.32634.6
2030   2 11238 103565034.94993.8  11922885.22287.63096.13524.8  36677142.67050.8
2030   3 12888 118905700.26159.8  15023389.62819.73496.34358.64433.78772.98982.8
**** Load  :       127         Sgmnt:    1
YEAR BLK     1     2     3     4     5     6     7     8     9    10    11    12
2025   1     0     0     0     0     0     0     0     0  3.68  3.22     0     0
2025   2     0     0     0     0     0     0     0     0  7.72  8.39     0     0
2025   3     0     0     0     0     0     0     0     0  9.65 10.14     0     0
2026   1     0     0     0     0     0     0     0     0  3.68  3.22     0     0
2026   2     0     0     0     0     0     0     0     0  7.72  8.39     0     0
2026   3     0     0     0     0     0     0     0     0  9.65 10.14     0     0
2027   1     0     0     0     0     0     0     0     0  3.68  3.22     0     0
2027   2     0     0     0     0     0     0     0     0  7.72  8.39     0     0
2027   3     0     0     0     0     0     0     0     0  9.65 10.14     0     0
2028   1     0     0     0     0     0     0     0     0  3.68  3.22     0     0
2028   2     0     0     0     0     0     0     0     0  7.72  8.39     0     0
2028   3     0     0     0     0     0     0     0     0  9.65 10.14     0     0
2029   1     0     0     0     0     0     0     0     0  3.68  3.22     0     0
2029   2     0     0     0     0     0     0     0     0  7.72  8.39     0     0
2029   3     0     0     0     0     0     0     0     0  9.65 10.14     0     0
2030   1     0     0     0     0     0     0     0     0  3.68  3.22     0     0
2030   2     0     0     0     0     0     0     0     0  7.72  8.39     0     0
2030   3     0     0     0     0     0     0     0     0  9.65 10.14     0     0
**** Load  :       128         Sgmnt:    1
YEAR BLK     1     2     3     4     5     6     7     8     9    10    11    12
2025   13144.5  39674189.84785.83383.64818.8  4388  6061  39363389.83651.53618.1
2025   27254.17489.97831.27202.75434.97098.16578.88488.88194.58753.99483.99500.9
2025   38346.18565.68707.79148.66892.4  83658040.79605.2 10248 10604 11638 12069
2026   13144.5  39674189.84785.83383.64818.8  4388  6061  39363389.83651.53618.1
2026   27254.17489.97831.27202.75434.97098.16578.88488.88194.58753.99483.99500.9
2026   38346.18565.68707.79148.66892.4  83658040.79605.2 10248 10604 11638 12069
2027   13144.5  39674189.84785.83383.64818.8  4388  6061  39363389.83651.53618.1
2027   27254.17489.97831.27202.75434.97098.16578.88488.88194.58753.99483.99500.9
2027   38346.18565.68707.79148.66892.4  83658040.79605.2 10248 10604 11638 12069
2028   13144.5  39674189.84785.83383.64818.8  4388  6061  39363389.83651.53618.1
2028   27254.17489.97831.27202.75434.97098.16578.88488.88194.58753.99483.99500.9
2028   38346.18565.68707.79148.66892.4  83658040.79605.2 10248 10604 11638 12069
2029   13144.5  39674189.84785.83383.64818.8  4388  6061  39363389.83651.53618.1
2029   27254.17489.97831.27202.75434.97098.16578.88488.88194.58753.99483.99500.9
2029   38346.18565.68707.79148.66892.4  83658040.79605.2 10248 10604 11638 12069
2030   13144.5  39674189.84785.83383.64818.8  4388  6061  39363389.83651.53618.1
2030   27254.17489.97831.27202.75434.97098.16578.88488.88194.58753.99483.99500.9
2030   38346.18565.68707.79148.66892.4  83658040.79605.2 10248 10604 11638 12069
**** Load  :       132         Sgmnt:    1
YEAR BLK     1     2     3     4     5     6     7     8     9    10    11    12
2025   1     0     0     0     0     0     0     0     0     0     0     0     0
2025   2     0     0     0     0     0     0     0     0     0     0     0     0
2025   3     0     0     0     0     0     0     0     0     0     0     0     0
2026   1     0     0     0     0     0     0     0     0     0     0     0     0
2026   2     0     0     0     0     0     0     0     0     0     0     0     0
2026   3     0     0     0     0     0     0     0     0     0     0     0     0
2027   1     0     0     0     0     0     0     0     0     0     0     0     0
2027   2     0     0     0     0     0     0     0     0     0     0     0     0
2027   3     0     0     0     0     0     0     0     0     0     0     0     0
2028   1     0     0     0     0     0     0     0     0     0     0     0     0
2028   2     0     0     0     0     0     0     0     0     0     0     0     0
2028   3     0     0     0     0     0     0     0     0     0     0     0     0
2029   1     0     0     0     0     0     0     0     0     0     0     0     0
2029   2     0     0     0     0     0     0     0     0     0     0     0     0
2029   3     0     0     0     0     0     0     0     0     0     0     0     0
2030   1     0     0     0     0     0     0     0     0     0     0     0     0
2030   2     0     0     0     0     0     0     0     0     0     0     0     0
2030   3     0     0     0     0     0     0     0     0     0     0     0     0
**** Load  :       133         Sgmnt:    1
YEAR BLK     1     2     3     4     5     6     7     8     9    10    11    12
2025   1     0     0     0     0     0     0     0     0     0     0     0     0
2025   2     0     0     0     0     0     0     0     0     0     0     0     0
2025   3     0     0     0     0     0     0     0     0     0     0     0     0
2026   1     0     0     0     0     0     0     0     0     0     0     0     0
2026   2     0     0     0     0     0     0     0     0     0     0     0     0
2026   3     0     0     0     0     0     0     0     0     0     0     0     0
2027   1     0     0     0     0     0     0     0     0     0     0     0     0
2027   2     0     0     0     0     0     0     0     0     0     0     0     0
2027   3     0     0     0     0     0     0     0     0     0     0     0     0
2028   1     0     0     0     0     0     0     0     0     0     0     0     0
2028   2     0     0     0     0     0     0     0     0     0     0     0     0
2028   3     0     0     0     0     0     0     0     0     0     0     0     0
2029   1     0     0     0     0     0     0     0     0     0     0     0     0
2029   2     0     0     0     0     0     0     0     0     0     0     0     0
2029   3     0     0     0     0     0     0     0     0     0     0     0     0
2030   1     0     0     0     0     0     0     0     0     0     0     0     0
2030   2     0     0     0     0     0     0     0     0     0     0     0     0
2030   3     0     0     0     0     0     0     0     0     0     0     0     0
**** Load  :       134         Sgmnt:    1
YEAR BLK     1     2     3     4     5     6     7     8     9    10    11    12
2025   1     0     0     0     0     0     0     0     0     0     0     0     0
2025   2     0     0     0     0     0     0     0     0     0     0     0     0
2025   3     0     0     0     0     0     0     0     0     0     0     0     0
2026   1     0     0     0     0     0     0     0     0     0     0     0     0
2026   2     0     0     0     0     0     0     0     0     0     0     0     0
2026   3     0     0     0     0     0     0     0     0     0     0     0     0
2027   1     0     0     0     0     0     0     0     0     0     0     0     0
2027   2     0     0     0     0     0     0     0     0     0     0     0     0
2027   3     0     0     0     0     0     0     0     0     0     0     0     0
2028   1     0     0     0     0     0     0     0     0     0     0     0     0
2028   2     0     0     0     0     0     0     0     0     0     0     0     0
2028   3     0     0     0     0     0     0     0     0     0     0     0     0
2029   1     0     0     0     0     0     0     0     0     0     0     0     0
2029   2     0     0     0     0     0     0     0     0     0     0     0     0
2029   3     0     0     0     0     0     0     0     0     0     0     0     0
2030   1     0     0     0     0     0     0     0     0     0     0     0     0
2030   2     0     0     0     0     0     0     0     0     0     0     0     0
2030   3     0     0     0     0     0     0     0     0     0     0     0     0
**** Load  :       125         Sgmnt:    1
YEAR BLK     1     2     3     4     5     6     7     8     9    10    11    12
2025   1     0     0     0     0     0     0     0     0     0     0     0     0
2025   2     0     0     0     0     0     0     0     0     0     0     0     0
2025   3     0     0     0     0     0     0     0     0     0     0     0     0
2026   1     0     0     0     0     0     0     0     0     0     0     0     0
2026   2     0     0     0     0     0     0     0     0     0     0     0     0
2026   3     0     0     0     0     0     0     0     0     0     0     0     0
2027   1     0     0     0     0     0     0     0     0     0     0     0     0
2027   2     0     0     0     0     0     0     0     0     0     0     0     0
2027   3     0     0     0     0     0     0     0     0     0     0     0     0
2028   1     0     0     0     0     0     0     0     0     0     0     0     0
2028   2     0     0     0     0     0     0     0     0     0     0     0     0
2028   3     0     0     0     0     0     0     0     0     0     0     0     0
2029   1     0     0     0     0     0     0     0     0     0     0     0     0
2029   2     0     0     0     0     0     0     0     0     0     0     0     0
2029   3     0     0     0     0     0     0     0     0     0     0     0     0
2030   1     0     0     0     0     0     0     0     0     0     0     0     0
2030   2     0     0     0     0     0     0     0     0     0     0     0     0
2030   3     0     0     0     0     0     0     0     0     0     0     0     0
**** Load  :       126         Sgmnt:    1
YEAR BLK     1     2     3     4     5     6     7     8     9    10    11    12
2025   1     09673.5 13522 14718 14718197.61403.63843.95623.47563.82413.219677.6
2025   2     0 18656 25756 22996 23640315.03621.381142.81094.81108.5999.42 25899
2025   3     0 21420 29159 28515 30079370.56759.461290.51354.31262.91227.5 32996
2026   1     09673.5 13522 14718 14718197.61403.63843.95623.47563.82413.219677.6
2026   2     0 18656 25756 22996 23640315.03621.381142.81094.81108.5999.42 25899
2026   3     0 21420 29159 28515 30079370.56759.461290.51354.31262.91227.5 32996
2027   1     09673.5 13522 14718 14718197.61403.63843.95623.47563.82413.219677.6
2027   2     0 18656 25756 22996 23640315.03621.381142.81094.81108.5999.42 25899
2027   3     0 21420 29159 28515 30079370.56759.461290.51354.31262.91227.5 32996
2028   1     09673.5 13522 14718 14718197.61403.63843.95623.47563.82413.219677.6
2028   2     0 18656 25756 22996 23640315.03621.381142.81094.81108.5999.42 25899
2028   3     0 21420 29159 28515 30079370.56759.461290.51354.31262.91227.5 32996
2029   1     09673.5 13522 14718 14718197.61403.63843.95623.47563.82413.219677.6
2029   2     0 18656 25756 22996 23640315.03621.381142.81094.81108.5999.42 25899
2029   3     0 21420 29159 28515 30079370.56759.461290.51354.31262.91227.5 32996
2030   1     09673.5 13522 14718 14718197.61403.63843.95623.47563.82413.219677.6
2030   2     0 18656 25756 22996 23640315.03621.381142.81094.81108.5999.42 25899
2030   3     0 21420 29159 28515 30079370.56759.461290.51354.31262.91227.5 32996
