$version=2
**** Load  :         1         Sgmnt:    1
YEAR BLK     1     2     3     4     5     6     7     8     9    10    11    12
2025   1163.94156.75173.12 122.5104.53104.13101.75110.36137.47138.31   154141.51
2025   2243.11241.31247.45256.67272.73 273.7272.31281.19265.13263.44240.63227.29
2025   3285.96294.94279.44320.83329.74336.18346.93322.45 304.4298.25298.38 289.2
2026   1163.94156.75173.12 122.5104.53104.13101.75110.36137.47138.31   154141.51
2026   2243.11241.31247.45256.67272.73 273.7272.31281.19265.13263.44240.63227.29
2026   3285.96294.94279.44320.83329.74336.18346.93322.45 304.4298.25298.38 289.2
2027   1170.49163.02180.04 127.4108.71 108.3105.82114.78142.98143.84160.16147.16
2027   2252.83250.96257.34266.93283.64284.66283.19292.45275.74273.98250.24236.38
2027   3297.39306.73290.61333.67342.94349.64360.79335.37316.59310.18 310.3300.76
2028   1 177.3169.53187.24132.49113.06112.63110.05119.37148.69149.59166.56153.05
2028   2262.93260.99267.63 277.6294.99296.05294.52304.15286.76284.93260.24245.84
2028   3309.27318.98302.23   347356.65363.62375.23348.78329.25322.58 322.7 312.8
2029   1 184.4176.32194.73 137.8117.58117.13114.46124.15154.64155.58173.22159.18
2029   2273.45271.43278.34288.71306.79307.89306.31316.31298.24296.33270.66255.69
2029   3321.65331.75314.33360.89370.93378.17390.24362.74342.42335.49335.62325.33
2030   1191.78183.37202.52143.31122.29121.81119.04129.11160.83 161.8180.16165.55
2030   2 284.4 282.3289.48300.26319.06 320.2318.58328.96310.16308.19281.49265.91
2030   3334.52345.03 326.9375.33385.76393.29405.88377.23356.11348.91349.05338.34
**** Load  :        35         Sgmnt:    1
YEAR BLK     1     2     3     4     5     6     7     8     9    10    11    12
2025   1     0     0     0     0     0     0     0     0     0     0     0     0
2025   2     0     0     0     0     0     0     0     0     0     0     0     0
2025   3     0     0     0     0     0     0     0     0     0     0     0     0
2026   1     0     0     0     0     0     0     0     0     0     0     0     0
2026   2     0     0     0     0     0     0     0     0     0     0     0     0
2026   3     0     0     0     0     0     0     0     0     0     0     0     0
2027   1     0     0     0     0     0     0     0     0     0     0     0     0
2027   2     0     0     0     0     0     0     0     0     0     0     0     0
2027   3     0     0     0     0     0     0     0     0     0     0     0     0
2028   1     0     0     0     0     0     0     0     0     0     0     0     0
2028   2     0     0     0     0     0     0     0     0     0     0     0     0
2028   3     0     0     0     0     0     0     0     0     0     0     0     0
2029   1     0     0     0     0     0     0     0     0     0     0     0     0
2029   2     0     0     0     0     0     0     0     0     0     0     0     0
2029   3     0     0     0     0     0     0     0     0     0     0     0     0
2030   1     0     0     0     0     0     0     0     0     0     0     0     0
2030   2     0     0     0     0     0     0     0     0     0     0     0     0
2030   3     0     0     0     0     0     0     0     0     0     0     0     0
**** Load  :        63         Sgmnt:    1
YEAR BLK     1     2     3     4     5     6     7     8     9    10    11    12
2025   1     0     0     0     0     0     0     0     0     0     0     0     0
2025   2     0     0     0     0     0     0     0     0     0     0     0     0
2025   3     0     0     0     0     0     0     0     0     0     0     0     0
2026   1     0     0     0     0     0     0     0     0     0     0     0     0
2026   2     0     0     0     0     0     0     0     0     0     0     0     0
2026   3     0     0     0     0     0     0     0     0     0     0     0     0
2027   1     0     0     0     0     0     0     0     0     0     0     0     0
2027   2     0     0     0     0     0     0     0     0     0     0     0     0
2027   3     0     0     0     0     0     0     0     0     0     0     0     0
2028   1     0     0     0     0     0     0     0     0     0     0     0     0
2028   2     0     0     0     0     0     0     0     0     0     0     0     0
2028   3     0     0     0     0     0     0     0     0     0     0     0     0
2029   1     0     0     0     0     0     0     0     0     0     0     0     0
2029   2     0     0     0     0     0     0     0     0     0     0     0     0
2029   3     0     0     0     0     0     0     0     0     0     0     0     0
2030   1     0     0     0     0     0     0     0     0     0     0     0     0
2030   2     0     0     0     0     0     0     0     0     0     0     0     0
2030   3     0     0     0     0     0     0     0     0     0     0     0     0
**** Load  :        64         Sgmnt:    1
YEAR BLK     1     2     3     4     5     6     7     8     9    10    11    12
2025   1     0     0     0     0     0     0     0     0     0     0     0     0
2025   2     0     0     0     0     0     0     0     0     0     0     0     0
2025   3     0     0     0     0     0     0     0     0     0     0     0     0
2026   1     0     0     0     0     0     0     0     0     0     0     0     0
2026   2     0     0     0     0     0     0     0     0     0     0     0     0
2026   3     0     0     0     0     0     0     0     0     0     0     0     0
2027   1     0     0     0     0     0     0     0     0     0     0     0     0
2027   2     0     0     0     0     0     0     0     0     0     0     0     0
2027   3     0     0     0     0     0     0     0     0     0     0     0     0
2028   1     0     0     0     0     0     0     0     0     0     0     0     0
2028   2     0     0     0     0     0     0     0     0     0     0     0     0
2028   3     0     0     0     0     0     0     0     0     0     0     0     0
2029   1     0     0     0     0     0     0     0     0     0     0     0     0
2029   2     0     0     0     0     0     0     0     0     0     0     0     0
2029   3     0     0     0     0     0     0     0     0     0     0     0     0
2030   1     0     0     0     0     0     0     0     0     0     0     0     0
2030   2     0     0     0     0     0     0     0     0     0     0     0     0
2030   3     0     0     0     0     0     0     0     0     0     0     0     0
**** Load  :         2         Sgmnt:    1
YEAR BLK     1     2     3     4     5     6     7     8     9    10    11    12
2025   1187.35179.14197.85   140119.46   119116.29126.13157.11158.06   176161.72
2025   2277.84275.79 282.8293.33311.69 312.8311.22321.35   303301.08   275259.76
2025   3326.81337.07319.35366.67376.85 384.2396.49368.52347.89340.86   341330.52
2026   1187.35179.14197.85   140119.46   119116.29126.13157.11158.06   176161.72
2026   2277.84275.79 282.8293.33311.69 312.8311.22321.35   303301.08   275259.76
2026   3326.81337.07319.35366.67376.85 384.2396.49368.52347.89340.86   341330.52
2027   1193.91185.41204.77 144.9123.65123.17120.35130.55162.61 163.6182.16167.38
2027   2287.56285.43292.69 303.6 322.6323.76322.09332.62313.61311.61284.62268.85
2027   3338.24348.86330.53 379.5390.05397.67410.35381.43360.07352.79352.93342.08
2028   1 200.7 191.9211.95149.98127.96127.47124.57135.11168.29169.33188.53173.25
2028   2297.62295.43302.94314.23333.87335.07333.39344.24324.56322.53294.58278.28
2028   3350.08361.08342.11392.79403.67411.56424.74394.75372.65365.15365.28354.07
2029   1207.72198.62219.37155.23132.44131.94128.94139.84174.18175.25195.13179.31
2029   2308.04305.77313.55325.23345.56 346.8345.06356.29335.93333.82 304.9288.02
2029   3362.33373.72354.08406.54 417.8425.96439.61408.57385.69377.93378.07366.47
2030   1214.98205.56227.03160.65137.09136.56133.45144.74180.29181.38201.96185.57
2030   2318.81316.46324.51 336.6357.67358.95357.14368.77 347.7345.48315.56298.07
2030   3   375386.78366.46420.75432.44440.89455.01422.89399.21391.14391.29379.26
**** Load  :        60         Sgmnt:    1
YEAR BLK     1     2     3     4     5     6     7     8     9    10    11    12
2025   1     0     0     0     0     0     0     0     0     0     0     0     0
2025   2     0     0     0     0     0     0     0     0     0     0     0     0
2025   3     0     0     0     0     0     0     0     0     0     0     0     0
2026   1     0     0     0     0     0     0     0     0     0     0     0     0
2026   2     0     0     0     0     0     0     0     0     0     0     0     0
2026   3     0     0     0     0     0     0     0     0     0     0     0     0
2027   1     0     0     0     0     0     0     0     0     0     0     0     0
2027   2     0     0     0     0     0     0     0     0     0     0     0     0
2027   3     0     0     0     0     0     0     0     0     0     0     0     0
2028   1     0     0     0     0     0     0     0     0     0     0     0     0
2028   2     0     0     0     0     0     0     0     0     0     0     0     0
2028   3     0     0     0     0     0     0     0     0     0     0     0     0
2029   1     0     0     0     0     0     0     0     0     0     0     0     0
2029   2     0     0     0     0     0     0     0     0     0     0     0     0
2029   3     0     0     0     0     0     0     0     0     0     0     0     0
2030   1     0     0     0     0     0     0     0     0     0     0     0     0
2030   2     0     0     0     0     0     0     0     0     0     0     0     0
2030   3     0     0     0     0     0     0     0     0     0     0     0     0
**** Load  :        65         Sgmnt:    1
YEAR BLK     1     2     3     4     5     6     7     8     9    10    11    12
2025   1     0     0     0     0     0     0     0     0     0     0     0     0
2025   2     0     0     0     0     0     0     0     0     0     0     0     0
2025   3     0     0     0     0     0     0     0     0     0     0     0     0
2026   1     0     0     0     0     0     0     0     0     0     0     0     0
2026   2     0     0     0     0     0     0     0     0     0     0     0     0
2026   3     0     0     0     0     0     0     0     0     0     0     0     0
2027   1     0     0     0     0     0     0     0     0     0     0     0     0
2027   2     0     0     0     0     0     0     0     0     0     0     0     0
2027   3     0     0     0     0     0     0     0     0     0     0     0     0
2028   1     0     0     0     0     0     0     0     0     0     0     0     0
2028   2     0     0     0     0     0     0     0     0     0     0     0     0
2028   3     0     0     0     0     0     0     0     0     0     0     0     0
2029   1     0     0     0     0     0     0     0     0     0     0     0     0
2029   2     0     0     0     0     0     0     0     0     0     0     0     0
2029   3     0     0     0     0     0     0     0     0     0     0     0     0
2030   1     0     0     0     0     0     0     0     0     0     0     0     0
2030   2     0     0     0     0     0     0     0     0     0     0     0     0
2030   3     0     0     0     0     0     0     0     0     0     0     0     0
**** Load  :         3         Sgmnt:    1
YEAR BLK     1     2     3     4     5     6     7     8     9    10    11    12
2025   1468.39443.33494.62   350301.61300.42293.55318.41396.67395.16   440 387.1
2025   2 694.6 682.5706.99733.33786.94789.67785.59811.26   765752.69 687.5621.77
2025   3817.02834.17798.39916.67951.45969.921000.9930.32878.33852.15 852.5791.13
2026   1468.39443.33494.62   350301.61300.42293.55318.41396.67395.16   440 387.1
2026   2 694.6 682.5706.99733.33786.94789.67785.59811.26   765752.69 687.5621.77
2026   3817.02834.17798.39916.67951.45969.921000.9930.32878.33852.15 852.5791.13
2027   1484.78458.85511.94362.25312.17310.93303.82329.56410.55408.99 455.4400.65
2027   2718.91706.39731.73   759814.48817.31813.09839.66791.78779.03711.56643.54
2027   3845.61863.36826.33948.75984.751003.91035.9962.88909.08881.98882.34818.82
2028   1501.74474.91529.84374.92 323.1321.81314.45341.09424.92 423.3471.33414.67
2028   2744.06731.11757.33785.55842.99 845.9841.53869.04819.49806.28736.46666.06
2028   3 875.2893.58855.23981.931019.2  10391072.1996.57940.89912.82913.21847.48
2029   1519.32491.53548.39388.05334.41333.08325.46353.04439.79438.12487.84429.18
2029   2770.13 756.7783.84813.05 872.5875.53870.99899.48848.18834.51762.26689.37
2029   3905.86924.86885.171016.31054.91075.41109.71031.5973.83944.78 945.2877.14
2030   1537.49508.73567.58401.63 346.1344.74336.85365.39455.18453.45504.91444.19
2030   2797.07783.17811.27 841.5903.01906.16901.47930.94877.84863.71788.92713.49
2030   3937.55957.21916.151051.91091.8  11131148.51067.61007.9977.84978.27907.82
**** Load  :        52         Sgmnt:    1
YEAR BLK     1     2     3     4     5     6     7     8     9    10    11    12
2025   1     0     0     0     0     0     0     0     0     0     0     0     0
2025   2     0     0     0     0     0     0     0     0     0     0     0     0
2025   3     0     0     0     0     0     0     0     0     0     0     0     0
2026   1     0     0     0     0     0     0     0     0     0     0     0     0
2026   2     0     0     0     0     0     0     0     0     0     0     0     0
2026   3     0     0     0     0     0     0     0     0     0     0     0     0
2027   1     0     0     0     0     0     0     0     0     0     0     0     0
2027   2     0     0     0     0     0     0     0     0     0     0     0     0
2027   3     0     0     0     0     0     0     0     0     0     0     0     0
2028   1     0     0     0     0     0     0     0     0     0     0     0     0
2028   2     0     0     0     0     0     0     0     0     0     0     0     0
2028   3     0     0     0     0     0     0     0     0     0     0     0     0
2029   1     0     0     0     0     0     0     0     0     0     0     0     0
2029   2     0     0     0     0     0     0     0     0     0     0     0     0
2029   3     0     0     0     0     0     0     0     0     0     0     0     0
2030   1     0     0     0     0     0     0     0     0     0     0     0     0
2030   2     0     0     0     0     0     0     0     0     0     0     0     0
2030   3     0     0     0     0     0     0     0     0     0     0     0     0
**** Load  :         4         Sgmnt:    1
YEAR BLK     1     2     3     4     5     6     7     8     9    10    11    12
2025   12107.7  19952225.8  15751357.31351.9  13211432.9  17851778.2  19801741.9
2025   23125.73071.23181.4  33003541.23553.53535.23650.73442.53387.13093.8  2798
2025   33676.63753.83592.7  41254281.54364.64503.94186.43952.53834.73836.23560.1
2026   12107.7  19952225.8  15751357.31351.9  13211432.9  17851778.2  19801741.9
2026   23125.73071.23181.4  33003541.23553.53535.23650.73442.53387.13093.8  2798
2026   33676.63753.83592.7  41254281.54364.64503.94186.43952.53834.73836.23560.1
2027   12192.12074.82314.8  16381411.5  14061373.81490.21856.41849.32059.21811.6
2027   23250.73194.13308.7  34323682.93695.63676.63796.73580.23522.63217.52909.9
2027   33823.63903.93736.4  42904452.84539.2  46844353.94110.63988.13989.73702.5
2028   12279.72157.82407.41703.5  14681462.21428.81549.81930.71923.32141.61884.1
2028   23380.83321.93441.13569.33830.23843.43823.63948.63723.43663.53346.23026.3
2028   33976.64060.13885.94461.64630.94720.84871.44528.1  42754147.64149.33850.6
2029   12370.92244.12503.71771.71526.71520.71485.91611.82007.92000.32227.21959.4
2029   2  35163454.73578.73712.13983.43997.23976.64106.53872.4  3810  34803147.3
2029   34135.64222.54041.44640.14816.24909.65066.24709.24446.14313.54315.24004.6
2030   12465.82333.92603.91842.51587.81581.51545.31676.22088.22080.32316.32037.8
2030   23656.63592.93721.83860.54142.74157.14135.64270.84027.23962.43619.23273.3
2030   34301.14391.4  42034825.65008.8  51065268.94897.64623.9  44864487.94164.8
**** Load  :         5         Sgmnt:    1
YEAR BLK     1     2     3     4     5     6     7     8     9    10    11    12
2025   1585.48554.17618.28 437.5377.02375.52366.94398.02495.83493.95   550483.87
2025   2868.25853.13883.74916.67983.67987.08981.991014.1956.25940.86859.38777.22
2025   31021.31042.7997.981145.81189.31212.41251.11162.91097.91065.21065.6988.91
2026   1585.48554.17618.28 437.5377.02375.52366.94398.02495.83493.95   550483.87
2026   2868.25853.13883.74916.67983.67987.08981.991014.1956.25940.86859.38777.22
2026   31021.31042.7997.981145.81189.31212.41251.11162.91097.91065.21065.6988.91
2027   1597.19565.25630.65446.25384.56383.03374.27405.98505.75503.83   561493.55
2027   2885.61870.19901.41   9351003.31006.81001.61034.4975.38959.68876.56792.76
2027   31041.71063.61017.91168.81213.11236.61276.11186.21119.91086.51086.91008.7
2028   1609.14576.56643.26455.18392.24390.69381.75414.09515.86513.91572.22503.42
2028   2903.33 887.6919.44 953.71023.4  10271021.6  1055994.88978.87 894.1808.62
2028   31062.51084.81038.31192.11237.31261.41301.61209.91142.31108.21108.71028.9
2029   1621.32 588.1656.12464.28 400.1 398.5389.39422.38526.19524.18583.67513.48
2029   2921.39905.36937.82972.771043.91047.51042.11076.11014.8998.44911.98824.78
2029   31083.81106.51059.1  12161262.11286.61327.61234.11165.11130.41130.81049.4
2030   1633.74599.86669.25473.57408.09406.48397.18430.83536.71534.67595.33523.76
2030   2939.81923.46956.59992.241064.81068.51062.91097.71035.11018.4930.21 841.3
2030   31105.51128.71080.31240.31287.31312.31354.21258.81188.4  11531153.51070.4
**** Load  :        36         Sgmnt:    1
YEAR BLK     1     2     3     4     5     6     7     8     9    10    11    12
2025   1     0     0     0     0     0     0     0     0     0     0     0     0
2025   2     0     0     0     0     0     0     0     0     0     0     0     0
2025   3     0     0     0     0     0     0     0     0     0     0     0     0
2026   1     0     0     0     0     0     0     0     0     0     0     0     0
2026   2     0     0     0     0     0     0     0     0     0     0     0     0
2026   3     0     0     0     0     0     0     0     0     0     0     0     0
2027   1     0     0     0     0     0     0     0     0     0     0     0     0
2027   2     0     0     0     0     0     0     0     0     0     0     0     0
2027   3     0     0     0     0     0     0     0     0     0     0     0     0
2028   1     0     0     0     0     0     0     0     0     0     0     0     0
2028   2     0     0     0     0     0     0     0     0     0     0     0     0
2028   3     0     0     0     0     0     0     0     0     0     0     0     0
2029   1     0     0     0     0     0     0     0     0     0     0     0     0
2029   2     0     0     0     0     0     0     0     0     0     0     0     0
2029   3     0     0     0     0     0     0     0     0     0     0     0     0
2030   1     0     0     0     0     0     0     0     0     0     0     0     0
2030   2     0     0     0     0     0     0     0     0     0     0     0     0
2030   3     0     0     0     0     0     0     0     0     0     0     0     0
**** Load  :        47         Sgmnt:    1
YEAR BLK     1     2     3     4     5     6     7     8     9    10    11    12
2025   1284.18     0     0     0     0     0     0     0     0     0     0     0
2025   2724.03     0     0     0     0     0     0     0     0     0     0     0
2025   3830.29     0     0     0     0     0     0     0     0     0     0     0
2026   1284.18     0     0     0     0     0     0     0     0     0     0     0
2026   2724.03     0     0     0     0     0     0     0     0     0     0     0
2026   3830.29     0     0     0     0     0     0     0     0     0     0     0
2027   1284.18     0     0     0     0     0     0     0     0     0     0     0
2027   2724.03     0     0     0     0     0     0     0     0     0     0     0
2027   3830.29     0     0     0     0     0     0     0     0     0     0     0
2028   1284.18     0     0     0     0     0     0     0     0     0     0     0
2028   2724.03     0     0     0     0     0     0     0     0     0     0     0
2028   3830.29     0     0     0     0     0     0     0     0     0     0     0
2029   1284.18     0     0     0     0     0     0     0     0     0     0     0
2029   2724.03     0     0     0     0     0     0     0     0     0     0     0
2029   3830.29     0     0     0     0     0     0     0     0     0     0     0
2030   1284.18     0     0     0     0     0     0     0     0     0     0     0
2030   2724.03     0     0     0     0     0     0     0     0     0     0     0
2030   3830.29     0     0     0     0     0     0     0     0     0     0     0
**** Load  :         6         Sgmnt:    1
YEAR BLK     1     2     3     4     5     6     7     8     9    10    11    12
2025   1351.29 332.5370.97 262.5226.21225.31220.16238.81 297.5296.37   330290.32
2025   2520.95511.88530.24   550 590.2592.25589.19608.45573.75564.52515.63466.33
2025   3612.76625.63598.79 687.5713.59727.44750.65697.74658.75639.11639.38593.35
2026   1351.29 332.5370.97 262.5226.21225.31220.16238.81 297.5296.37   330290.32
2026   2520.95511.88530.24   550 590.2592.25589.19608.45573.75564.52515.63466.33
2026   3612.76625.63598.79 687.5713.59727.44750.65697.74658.75639.11639.38593.35
2027   1363.59344.13383.95271.69234.12 233.2227.87247.17 307.9306.74341.56300.47
2027   2539.19529.77 548.8569.25610.84612.99609.82629.75593.81584.27533.68482.63
2027   3634.22 647.5619.75711.56738.54752.91776.92722.17681.78661.48661.76614.09
2028   1376.32356.18397.38281.19242.33241.35235.84255.81318.69317.47353.51311.01
2028   2558.06548.33   568589.16632.25634.42631.15651.77614.63604.71552.36499.56
2028   3656.42670.18641.42736.45764.43779.23 804.1747.42705.68684.62684.93635.63
2029   1389.47368.65 411.3291.04 250.8249.81 244.1264.78329.84 328.6365.87321.89
2029   2577.57567.52 587.9 609.8654.35656.65653.25674.61636.11 625.9571.67517.04
2029   3679.36693.64 663.9762.25791.15806.54832.25773.61730.35708.61708.87657.87
2030   1403.12381.56 425.7301.23259.58258.55252.64274.04341.39 340.1378.69333.16
2030   2597.81 587.4608.47631.14677.27679.61 676.1 698.2658.39 647.8 591.7535.14
2030   3703.17717.94687.13788.93818.85834.74861.37800.66755.93 733.4733.71 680.9
**** Load  :        37         Sgmnt:    1
YEAR BLK     1     2     3     4     5     6     7     8     9    10    11    12
2025   1     0     0     0     0     0169.31175.47407.12363.64275.14181.82161.62
2025   2     0     0     0     0     0251.09270.13556.62634.93662.64477.93432.52
2025   3     0     0     0     0     0291.62330.16628.58793.66801.17587.02551.04
2026   1     0     0     0     0     0169.31175.47407.12363.64275.14181.82161.62
2026   2     0     0     0     0     0251.09270.13556.62634.93662.64477.93432.52
2026   3     0     0     0     0     0291.62330.16628.58793.66801.17587.02551.04
2027   1     0     0     0     0     0169.31175.47407.12363.64275.14181.82161.62
2027   2     0     0     0     0     0251.09270.13556.62634.93662.64477.93432.52
2027   3     0     0     0     0     0291.62330.16628.58793.66801.17587.02551.04
2028   1     0     0     0     0     0169.31175.47407.12363.64275.14181.82161.62
2028   2     0     0     0     0     0251.09270.13556.62634.93662.64477.93432.52
2028   3     0     0     0     0     0291.62330.16628.58793.66801.17587.02551.04
2029   1     0     0     0     0     0169.31175.47407.12363.64275.14181.82161.62
2029   2     0     0     0     0     0251.09270.13556.62634.93662.64477.93432.52
2029   3     0     0     0     0     0291.62330.16628.58793.66801.17587.02551.04
2030   1     0     0     0     0     0169.31175.47407.12363.64275.14181.82161.62
2030   2     0     0     0     0     0251.09270.13556.62634.93662.64477.93432.52
2030   3     0     0     0     0     0291.62330.16628.58793.66801.17587.02551.04
**** Load  :         7         Sgmnt:    1
YEAR BLK     1     2     3     4     5     6     7     8     9    10    11    12
2025   1351.29 332.5370.97 262.5226.21225.31220.16238.81 297.5296.37   330290.32
2025   2520.95511.88530.24   550 590.2592.25589.19608.45573.75564.52515.63466.33
2025   3612.76625.63598.79 687.5713.59727.44750.65697.74658.75639.11639.38593.35
2026   1351.29 332.5370.97 262.5226.21225.31220.16238.81 297.5296.37   330290.32
2026   2520.95511.88530.24   550 590.2592.25589.19608.45573.75564.52515.63466.33
2026   3612.76625.63598.79 687.5713.59727.44750.65697.74658.75639.11639.38593.35
2027   1365.34 345.8385.81   273235.26234.33228.97248.36 309.4308.23 343.2301.94
2027   2541.79532.35551.45   572613.81615.94612.76632.79 596.7 587.1536.25484.98
2027   3637.27650.65622.74   715742.13756.54780.67725.65 685.1664.68664.95617.08
2028   1379.96359.64401.24283.92244.66 243.7238.13 258.3321.77320.55356.93314.02
2028   2563.47553.66573.51594.88638.34640.59637.27658.11620.55610.58557.71 504.4
2028   3662.77 676.7647.65 743.6 771.8786.81 811.9754.69712.48691.26691.56641.78
2029   1395.15374.03417.29295.28254.45253.44247.65268.63334.64333.38 371.2326.58
2029   2585.99575.81596.45618.68663.88 666.2662.77684.41645.38635.01   580524.57
2029   3689.26703.76673.56773.35802.67818.26844.38784.86740.99718.92 719.2667.45
2030   1410.95388.98433.98307.09264.64263.58257.56279.37348.04346.71386.04339.63
2030   2609.42598.82620.31643.43690.46692.84689.28711.79671.21660.41603.19545.54
2030   3716.83 731.9 700.5804.28834.81850.98878.16816.25770.65747.68747.96694.13
**** Load  :         8         Sgmnt:    1
YEAR BLK     1     2     3     4     5     6     7     8     9    10    11    12
2025   1210.77201.54222.58 157.5 134.4133.88130.83 141.9176.75177.82   198181.94
2025   2312.57310.26318.15   330350.65 351.9350.12361.52340.88338.71309.38292.23
2025   3367.66379.21359.27 412.5423.96432.23446.06414.58391.38383.47383.63371.83
2026   1210.77201.54222.58 157.5 134.4133.88130.83 141.9176.75177.82   198181.94
2026   2312.57310.26318.15   330350.65 351.9350.12361.52340.88338.71309.38292.23
2026   3367.66379.21359.27 412.5423.96432.23446.06414.58391.38383.47383.63371.83
2027   1218.15208.59230.37163.01 139.1138.56 135.4146.86182.93184.05204.93 188.3
2027   2323.51321.12329.28341.55362.92364.21362.35374.17 352.8350.56320.21302.46
2027   3380.53392.48371.85426.94438.79447.34461.65429.08405.07396.89397.06384.84
2028   1 225.8 215.9238.43168.72143.96143.41140.14   152189.33190.49212.11 194.9
2028   2334.84332.37 340.8 353.5375.61376.97375.04387.28365.14362.83331.42313.06
2028   3393.86406.23384.86441.88454.13463.02477.81444.12419.23410.78410.97398.33
2029   1 233.7223.45246.77174.62   149148.43145.05157.32195.96197.15219.53201.72
2029   2346.56   344352.72365.86388.76390.16388.19400.83377.93375.52343.02324.01
2029   3407.64420.45398.32457.33470.04479.21494.56459.65433.91425.14425.35412.27
2030   1241.86231.26255.42180.74154.22153.62150.13162.82202.83204.06 227.2208.77
2030   2358.66356.01365.09378.69402.38 403.8401.78414.85391.16388.69   355335.34
2030   3421.88435.13412.29473.37 486.5495.98511.88475.73449.11440.05 440.2426.68
**** Load  :         9         Sgmnt:    1
YEAR BLK     1     2     3     4     5     6     7     8     9    10    11    12
2025   1 93.68 89.57 98.92    70 59.73  59.5 58.15 63.06 78.56 79.03    88 80.86
2025   2138.92137.89 141.4146.67155.84 156.4155.61160.68 151.5150.54 137.5129.88
2025   3 163.4168.54159.68183.33188.42 192.1198.25184.26173.94170.43 170.5165.26
2026   1 93.68 89.57 98.92    70 59.73  59.5 58.15 63.06 78.56 79.03    88 80.86
2026   2138.92137.89 141.4146.67155.84 156.4155.61160.68 151.5150.54 137.5129.88
2026   3 163.4168.54159.68183.33188.42 192.1198.25184.26173.94170.43 170.5165.26
2027   1 97.42 93.15102.88  72.8 62.13 61.88 60.47 65.58 81.71 82.19 91.51 84.09
2027   2144.46143.39147.05152.53162.09162.65161.84 167.1157.58156.56142.99135.06
2027   3169.92175.26166.06190.67195.98199.77206.19191.62180.92177.25 177.3171.85
2028   1101.32 96.88106.99 75.71 64.61 64.36 62.89 68.21 84.97 85.47 95.18 87.46
2028   2150.25149.14152.92158.62168.57169.17 168.3173.79163.88162.81148.72140.49
2028   3176.73182.28172.69198.28203.82207.78214.42 199.3188.15184.32184.41178.75
2029   1105.36100.75111.27 78.73 67.18 66.92  65.4 70.93 88.36 88.89 98.98 90.95
2029   2156.25155.09159.04164.96175.29175.91175.02180.72 170.4169.32154.65146.08
2029   3183.79189.56 179.6 206.2211.93216.07222.98207.25195.64191.69191.77185.87
2030   1 109.6104.79115.72 81.88 69.87 69.61 68.02 73.78 91.89 92.45102.96  94.6
2030   2162.53161.33 165.4171.56182.31182.97182.05187.97177.23176.09160.87151.95
2030   3191.17197.18186.78214.45220.42224.73231.93215.55203.48199.36199.48193.34
**** Load  :        34         Sgmnt:    1
YEAR BLK     1     2     3     4     5     6     7     8     9    10    11    12
2025   13166.1  66727803.38122.57504.47169.26236.5  81085458.42031.31719.84916.6
2025   27042.4 11735 14734 12521 11944 102499221.2 11273 112505208.34520.7 13155
2025   38084.9 13521 16698 15568 15216 12127 11257 12668 140046270.45552.6 16631
2026   13166.1  66727803.38122.57504.47169.26236.5  81085458.42031.31719.84916.6
2026   27042.4 11735 14734 12521 11944 102499221.2 11273 112505208.34520.7 13155
2026   38084.9 13521 16698 15568 15216 12127 11257 12668 140046270.45552.6 16631
2027   13166.1  66727803.38122.57504.47169.26236.5  81085458.42031.31719.84916.6
2027   27042.4 11735 14734 12521 11944 102499221.2 11273 112505208.34520.7 13155
2027   38084.9 13521 16698 15568 15216 12127 11257 12668 140046270.45552.6 16631
2028   13166.1  66727803.38122.57504.47169.26236.5  81085458.42031.31719.84916.6
2028   27042.4 11735 14734 12521 11944 102499221.2 11273 112505208.34520.7 13155
2028   38084.9 13521 16698 15568 15216 12127 11257 12668 140046270.45552.6 16631
2029   13166.1  66727803.38122.57504.47169.26236.5  81085458.42031.31719.84916.6
2029   27042.4 11735 14734 12521 11944 102499221.2 11273 112505208.34520.7 13155
2029   38084.9 13521 16698 15568 15216 12127 11257 12668 140046270.45552.6 16631
2030   13166.1  66727803.38122.57504.47169.26236.5  81085458.42031.31719.84916.6
2030   27042.4 11735 14734 12521 11944 102499221.2 11273 112505208.34520.7 13155
2030   38084.9 13521 16698 15568 15216 12127 11257 12668 140046270.45552.6 16631
**** Load  :        56         Sgmnt:    1
YEAR BLK     1     2     3     4     5     6     7     8     9    10    11    12
2025   1     0     0     0     0     0     0     0     0 25.46 22.23     0 21.22
2025   2     0     0     0     0     0     0     0     0 53.34 57.99     0 56.78
2025   3     0     0     0     0     0     0     0     0 66.68 70.11     0 72.33
2026   1     0     0     0     0     0     0     0     0 25.46 22.23     0 21.22
2026   2     0     0     0     0     0     0     0     0 53.34 57.99     0 56.78
2026   3     0     0     0     0     0     0     0     0 66.68 70.11     0 72.33
2027   1     0     0     0     0     0     0     0     0 25.46 22.23     0 21.22
2027   2     0     0     0     0     0     0     0     0 53.34 57.99     0 56.78
2027   3     0     0     0     0     0     0     0     0 66.68 70.11     0 72.33
2028   1     0     0     0     0     0     0     0     0 25.46 22.23     0 21.22
2028   2     0     0     0     0     0     0     0     0 53.34 57.99     0 56.78
2028   3     0     0     0     0     0     0     0     0 66.68 70.11     0 72.33
2029   1     0     0     0     0     0     0     0     0 25.46 22.23     0 21.22
2029   2     0     0     0     0     0     0     0     0 53.34 57.99     0 56.78
2029   3     0     0     0     0     0     0     0     0 66.68 70.11     0 72.33
2030   1     0     0     0     0     0     0     0     0 25.46 22.23     0 21.22
2030   2     0     0     0     0     0     0     0     0 53.34 57.99     0 56.78
2030   3     0     0     0     0     0     0     0     0 66.68 70.11     0 72.33
**** Load  :        57         Sgmnt:    1
YEAR BLK     1     2     3     4     5     6     7     8     9    10    11    12
2025   1     0     0     0     0     0     0     0     0     0     0     0     0
2025   2     0     0     0     0     0     0     0     0     0     0     0     0
2025   3     0     0     0     0     0     0     0     0     0     0     0     0
2026   1     0     0     0     0     0     0     0     0     0     0     0     0
2026   2     0     0     0     0     0     0     0     0     0     0     0     0
2026   3     0     0     0     0     0     0     0     0     0     0     0     0
2027   1     0     0     0     0     0     0     0     0     0     0     0     0
2027   2     0     0     0     0     0     0     0     0     0     0     0     0
2027   3     0     0     0     0     0     0     0     0     0     0     0     0
2028   1     0     0     0     0     0     0     0     0     0     0     0     0
2028   2     0     0     0     0     0     0     0     0     0     0     0     0
2028   3     0     0     0     0     0     0     0     0     0     0     0     0
2029   1     0     0     0     0     0     0     0     0     0     0     0     0
2029   2     0     0     0     0     0     0     0     0     0     0     0     0
2029   3     0     0     0     0     0     0     0     0     0     0     0     0
2030   1     0     0     0     0     0     0     0     0     0     0     0     0
2030   2     0     0     0     0     0     0     0     0     0     0     0     0
2030   3     0     0     0     0     0     0     0     0     0     0     0     0
**** Load  :        10         Sgmnt:    1
YEAR BLK     1     2     3     4     5     6     7     8     9    10    11    12
2025   1515.23492.64544.09   385328.52327.25 319.8346.85432.06434.68   484444.73
2025   2764.06758.41777.69806.67857.14 860.2855.84883.73833.25827.96756.25714.35
2025   3898.72926.95878.231008.31036.31056.51090.41013.4956.69937.37937.75908.92
2026   1515.23492.64544.09   385328.52327.25 319.8346.85432.06434.68   484444.73
2026   2764.06758.41777.69806.67857.14 860.2855.84883.73833.25827.96756.25714.35
2026   3898.72926.95878.231008.31036.31056.51090.41013.4956.69937.37937.75908.92
2027   1535.83512.34565.85 400.4341.67340.35332.58360.74449.34452.06503.36462.52
2027   2794.61788.74 808.8838.93891.44894.62890.06919.09866.59861.08786.49742.92
2027   3934.66964.02913.351048.71077.81098.8  1134  1054994.97974.86975.25945.27
2028   1557.26532.84588.48416.41355.33353.95345.89375.16467.31470.14523.49481.01
2028   2826.39820.29841.14872.48927.08930.39925.68955.83901.24895.51817.95772.62
2028   3972.041002.6949.881090.61120.91142.81179.31096.11034.81013.91014.3983.07
2029   1579.57554.17612.02433.07369.53368.11359.72390.17485.99488.95544.44500.26
2029   2859.48853.13874.79907.39964.15967.61962.69994.07937.28931.34850.69803.54
2029   3  10111042.7987.881134.21165.71188.51226.5  11401076.11054.41054.91022.4
2030   1602.75576.33636.51 450.4384.32382.84374.12405.78505.44508.51566.22520.28
2030   2893.85887.25909.79943.691002.71006.31001.21033.8974.78 968.6884.72 835.7
2030   31051.41084.41027.41179.61212.3  12361275.61185.61119.21096.61097.11063.3
**** Load  :        11         Sgmnt:    1
YEAR BLK     1     2     3     4     5     6     7     8     9    10    11    12
2025   1140.52134.36148.39   105  89.6 89.25 87.22  94.6117.83118.55   132121.29
2025   2208.38206.84 212.1   220233.77 234.6233.41241.02227.25225.81206.25194.82
2025   3 245.1 252.8239.52   275282.64288.15297.37276.39260.92255.65255.75247.89
2026   1140.52134.36148.39   105  89.6 89.25 87.22  94.6117.83118.55   132121.29
2026   2208.38206.84 212.1   220233.77 234.6233.41241.02227.25225.81206.25194.82
2026   3 245.1 252.8239.52   275282.64288.15297.37276.39260.92255.65255.75247.89
2027   1143.33137.05151.35 107.1 91.39 91.03 88.97 96.48120.19120.92134.64123.72
2027   2212.55210.98216.34 224.4238.43239.28238.09245.82231.79230.32210.38198.73
2027   3250.02257.87244.31 280.5288.28293.89303.34 281.9266.13260.76260.87252.85
2028   1146.19139.79154.37109.24 93.22 92.85 90.75 98.41 122.6123.33137.33126.19
2028   2 216.8 215.2220.65228.87243.22244.07242.85250.74236.44234.91214.58 202.7
2028   3255.01263.02249.18286.09294.06299.78 309.4287.54271.47265.96266.08257.91
2029   1149.13142.59157.46111.42 95.08 94.72 92.55100.39125.05 125.8140.09128.71
2029   2221.15219.51225.07233.46248.08248.98247.69255.78241.16239.62218.89206.74
2029   3260.12 268.3254.17291.82299.94305.81315.56293.32276.89271.28271.42263.05
2030   1152.11145.44160.63113.66 96.99  96.6  94.4102.39127.56128.33142.89131.29
2030   2225.57 223.9229.59238.15253.05253.92252.64260.86   246244.44223.26210.89
2030   3265.32273.66259.28297.69305.96311.88321.86299.15282.44276.74276.85268.32
**** Load  :        51         Sgmnt:    1
YEAR BLK     1     2     3     4     5     6     7     8     9    10    11    12
2025   1     0     0     0     0     0     0     0     0     0     0     0     0
2025   2     0     0     0     0     0     0     0     0     0     0     0     0
2025   3     0     0     0     0     0     0     0     0     0     0     0     0
2026   1     0     0     0     0     0     0     0     0     0     0     0     0
2026   2     0     0     0     0     0     0     0     0     0     0     0     0
2026   3     0     0     0     0     0     0     0     0     0     0     0     0
2027   1     0     0     0     0     0     0     0     0     0     0     0     0
2027   2     0     0     0     0     0     0     0     0     0     0     0     0
2027   3     0     0     0     0     0     0     0     0     0     0     0     0
2028   1     0     0     0     0     0     0     0     0     0     0     0     0
2028   2     0     0     0     0     0     0     0     0     0     0     0     0
2028   3     0     0     0     0     0     0     0     0     0     0     0     0
2029   1     0     0     0     0     0     0     0     0     0     0     0     0
2029   2     0     0     0     0     0     0     0     0     0     0     0     0
2029   3     0     0     0     0     0     0     0     0     0     0     0     0
2030   1     0     0     0     0     0     0     0     0     0     0     0     0
2030   2     0     0     0     0     0     0     0     0     0     0     0     0
2030   3     0     0     0     0     0     0     0     0     0     0     0     0
**** Load  :        59         Sgmnt:    1
YEAR BLK     1     2     3     4     5     6     7     8     9    10    11    12
2025   1     0     0     0     0     0     0     0     0     0     0     0     0
2025   2     0     0     0     0     0     0     0     0     0     0     0     0
2025   3     0     0     0     0     0     0     0     0     0     0     0     0
2026   1     0     0     0     0     0     0     0     0     0     0     0     0
2026   2     0     0     0     0     0     0     0     0     0     0     0     0
2026   3     0     0     0     0     0     0     0     0     0     0     0     0
2027   1     0     0     0     0     0     0     0     0     0     0     0     0
2027   2     0     0     0     0     0     0     0     0     0     0     0     0
2027   3     0     0     0     0     0     0     0     0     0     0     0     0
2028   1     0     0     0     0     0     0     0     0     0     0     0     0
2028   2     0     0     0     0     0     0     0     0     0     0     0     0
2028   3     0     0     0     0     0     0     0     0     0     0     0     0
2029   1     0     0     0     0     0     0     0     0     0     0     0     0
2029   2     0     0     0     0     0     0     0     0     0     0     0     0
2029   3     0     0     0     0     0     0     0     0     0     0     0     0
2030   1     0     0     0     0     0     0     0     0     0     0     0     0
2030   2     0     0     0     0     0     0     0     0     0     0     0     0
2030   3     0     0     0     0     0     0     0     0     0     0     0     0
**** Load  :        61         Sgmnt:    1
YEAR BLK     1     2     3     4     5     6     7     8     9    10    11    12
2025   1     0     0     0     0     0     0     0     0     0     0     0     0
2025   2     0     0     0     0     0     0     0     0     0     0     0     0
2025   3     0     0     0     0     0     0     0     0     0     0     0     0
2026   1     0     0     0     0     0     0     0     0     0     0     0     0
2026   2     0     0     0     0     0     0     0     0     0     0     0     0
2026   3     0     0     0     0     0     0     0     0     0     0     0     0
2027   1     0     0     0     0     0     0     0     0     0     0     0     0
2027   2     0     0     0     0     0     0     0     0     0     0     0     0
2027   3     0     0     0     0     0     0     0     0     0     0     0     0
2028   1     0     0     0     0     0     0     0     0     0     0     0     0
2028   2     0     0     0     0     0     0     0     0     0     0     0     0
2028   3     0     0     0     0     0     0     0     0     0     0     0     0
2029   1     0     0     0     0     0     0     0     0     0     0     0     0
2029   2     0     0     0     0     0     0     0     0     0     0     0     0
2029   3     0     0     0     0     0     0     0     0     0     0     0     0
2030   1     0     0     0     0     0     0     0     0     0     0     0     0
2030   2     0     0     0     0     0     0     0     0     0     0     0     0
2030   3     0     0     0     0     0     0     0     0     0     0     0     0
**** Load  :        12         Sgmnt:    1
YEAR BLK     1     2     3     4     5     6     7     8     9    10    11    12
2025   1 117.1111.96123.66  87.5 74.66 74.38 72.68 78.83 98.19 98.79   110101.08
2025   2173.65172.37176.75183.33194.81 195.5194.51200.85189.38188.17171.88162.35
2025   3204.25210.67 199.6229.17235.53240.13247.81230.32217.43213.04213.13206.57
2026   1 117.1111.96123.66  87.5 74.66 74.38 72.68 78.83 98.19 98.79   110101.08
2026   2173.65172.37176.75183.33194.81 195.5194.51200.85189.38188.17171.88162.35
2026   3204.25210.67 199.6229.17235.53240.13247.81230.32217.43213.04213.13206.57
2027   1127.62122.03134.78 95.38 81.39 81.07 79.23 85.93107.04107.68119.89110.17
2027   2189.26187.86192.65199.83212.36 213.1212.03218.92206.44205.11187.33176.96
2027   3222.62229.61217.56249.79256.75261.74270.14251.05237.02232.21232.28225.16
2028   1139.12133.02146.93103.97 88.71 88.36 86.36 93.65116.67117.38130.69120.09
2028   2206.31204.78210.01217.84231.45232.26231.11238.61   225223.59 204.2192.89
2028   3242.67250.29237.16 272.3279.84285.28294.44273.63258.33253.13253.21245.43
2029   1151.63144.99160.13113.31 96.69 96.32 94.12102.09127.17127.93142.44 130.9
2029   2224.87223.21228.89237.42252.28253.19251.88260.12245.25243.68222.57210.26
2029   3 264.5272.81258.48296.77305.02310.99 320.9298.29281.58275.88275.99267.53
2030   1165.28158.04174.55123.52105.39104.99 102.6111.27 138.6139.45155.27142.67
2030   2245.11 243.3 249.5258.79274.96275.96274.58283.51 267.3265.62 242.6229.16
2030   3288.31297.36281.75323.49332.45338.95349.82325.12 306.9300.72300.83291.58
**** Load  :        46         Sgmnt:    1
YEAR BLK     1     2     3     4     5     6     7     8     9    10    11    12
2025   1 10188 117159812.9 12558 12277 13821 11889 139779531.71795.66094.86618.9
2025   2 25172 22145 18380 19599 19708 20485 18186 19919 199364596.2 15810 17535
2025   3 28866 25398 20838 24310 25076 24095 22228 22494 249195544.2 19351 22390
2026   1 10188 117159812.9 12558 12277 13821 11889 139779531.71795.66094.86618.9
2026   2 25172 22145 18380 19599 19708 20485 18186 19919 199364596.2 15810 17535
2026   3 28866 25398 20838 24310 25076 24095 22228 22494 249195544.2 19351 22390
2027   1 10188 117159812.9 12558 12277 13821 11889 139779531.71795.66094.86618.9
2027   2 25172 22145 18380 19599 19708 20485 18186 19919 199364596.2 15810 17535
2027   3 28866 25398 20838 24310 25076 24095 22228 22494 249195544.2 19351 22390
2028   1 10188 117159812.9 12558 12277 13821 11889 139779531.71795.66094.86618.9
2028   2 25172 22145 18380 19599 19708 20485 18186 19919 199364596.2 15810 17535
2028   3 28866 25398 20838 24310 25076 24095 22228 22494 249195544.2 19351 22390
2029   1 10188 117159812.9 12558 12277 13821 11889 139779531.71795.66094.86618.9
2029   2 25172 22145 18380 19599 19708 20485 18186 19919 199364596.2 15810 17535
2029   3 28866 25398 20838 24310 25076 24095 22228 22494 249195544.2 19351 22390
2030   1 10188 117159812.9 12558 12277 13821 11889 139779531.71795.66094.86618.9
2030   2 25172 22145 18380 19599 19708 20485 18186 19919 199364596.2 15810 17535
2030   3 28866 25398 20838 24310 25076 24095 22228 22494 249195544.2 19351 22390
**** Load  :        48         Sgmnt:    1
YEAR BLK     1     2     3     4     5     6     7     8     9    10    11    12
2025   1     0     0     0     0     0     0     0     0     0     0     0     0
2025   2     0     0     0     0     0     0     0     0     0     0     0     0
2025   3     0     0     0     0     0     0     0     0     0     0     0     0
2026   1     0     0     0     0     0     0     0     0     0     0     0     0
2026   2     0     0     0     0     0     0     0     0     0     0     0     0
2026   3     0     0     0     0     0     0     0     0     0     0     0     0
2027   1     0     0     0     0     0     0     0     0     0     0     0     0
2027   2     0     0     0     0     0     0     0     0     0     0     0     0
2027   3     0     0     0     0     0     0     0     0     0     0     0     0
2028   1     0     0     0     0     0     0     0     0     0     0     0     0
2028   2     0     0     0     0     0     0     0     0     0     0     0     0
2028   3     0     0     0     0     0     0     0     0     0     0     0     0
2029   1     0     0     0     0     0     0     0     0     0     0     0     0
2029   2     0     0     0     0     0     0     0     0     0     0     0     0
2029   3     0     0     0     0     0     0     0     0     0     0     0     0
2030   1     0     0     0     0     0     0     0     0     0     0     0     0
2030   2     0     0     0     0     0     0     0     0     0     0     0     0
2030   3     0     0     0     0     0     0     0     0     0     0     0     0
**** Load  :        49         Sgmnt:    1
YEAR BLK     1     2     3     4     5     6     7     8     9    10    11    12
2025   1     0     0     0     0     0     0     0     0     0     0     0     0
2025   2     0     0     0     0     0     0     0     0     0     0     0     0
2025   3     0     0     0     0     0     0     0     0     0     0     0     0
2026   1     0     0     0     0     0     0     0     0     0     0     0     0
2026   2     0     0     0     0     0     0     0     0     0     0     0     0
2026   3     0     0     0     0     0     0     0     0     0     0     0     0
2027   1     0     0     0     0     0     0     0     0     0     0     0     0
2027   2     0     0     0     0     0     0     0     0     0     0     0     0
2027   3     0     0     0     0     0     0     0     0     0     0     0     0
2028   1     0     0     0     0     0     0     0     0     0     0     0     0
2028   2     0     0     0     0     0     0     0     0     0     0     0     0
2028   3     0     0     0     0     0     0     0     0     0     0     0     0
2029   1     0     0     0     0     0     0     0     0     0     0     0     0
2029   2     0     0     0     0     0     0     0     0     0     0     0     0
2029   3     0     0     0     0     0     0     0     0     0     0     0     0
2030   1     0     0     0     0     0     0     0     0     0     0     0     0
2030   2     0     0     0     0     0     0     0     0     0     0     0     0
2030   3     0     0     0     0     0     0     0     0     0     0     0     0
**** Load  :        50         Sgmnt:    1
YEAR BLK     1     2     3     4     5     6     7     8     9    10    11    12
2025   1     0     0     0     0     0     0     0     0     0     0     0     0
2025   2     0     0     0     0     0     0     0     0     0     0     0     0
2025   3     0     0     0     0     0     0     0     0     0     0     0     0
2026   1     0     0     0     0     0     0     0     0     0     0     0     0
2026   2     0     0     0     0     0     0     0     0     0     0     0     0
2026   3     0     0     0     0     0     0     0     0     0     0     0     0
2027   1     0     0     0     0     0     0     0     0     0     0     0     0
2027   2     0     0     0     0     0     0     0     0     0     0     0     0
2027   3     0     0     0     0     0     0     0     0     0     0     0     0
2028   1     0     0     0     0     0     0     0     0     0     0     0     0
2028   2     0     0     0     0     0     0     0     0     0     0     0     0
2028   3     0     0     0     0     0     0     0     0     0     0     0     0
2029   1     0     0     0     0     0     0     0     0     0     0     0     0
2029   2     0     0     0     0     0     0     0     0     0     0     0     0
2029   3     0     0     0     0     0     0     0     0     0     0     0     0
2030   1     0     0     0     0     0     0     0     0     0     0     0     0
2030   2     0     0     0     0     0     0     0     0     0     0     0     0
2030   3     0     0     0     0     0     0     0     0     0     0     0     0
**** Load  :        58         Sgmnt:    1
YEAR BLK     1     2     3     4     5     6     7     8     9    10    11    12
2025   1318.12     0     0     0     0     0 75.53     0 62.61 57.58     0 52.18
2025   2810.52     0     0     0     0     0116.28     0131.19142.62     0139.64
2025   3929.47     0     0     0     0     0142.12     0163.99172.44     0 177.9
2026   1318.12     0     0     0     0     0 75.53     0 62.61 57.58     0 52.18
2026   2810.52     0     0     0     0     0116.28     0131.19142.62     0139.64
2026   3929.47     0     0     0     0     0142.12     0163.99172.44     0 177.9
2027   1318.12     0     0     0     0     0 75.53     0 62.61 57.58     0 52.18
2027   2810.52     0     0     0     0     0116.28     0131.19142.62     0139.64
2027   3929.47     0     0     0     0     0142.12     0163.99172.44     0 177.9
2028   1318.12     0     0     0     0     0 75.53     0 62.61 57.58     0 52.18
2028   2810.52     0     0     0     0     0116.28     0131.19142.62     0139.64
2028   3929.47     0     0     0     0     0142.12     0163.99172.44     0 177.9
2029   1318.12     0     0     0     0     0 75.53     0 62.61 57.58     0 52.18
2029   2810.52     0     0     0     0     0116.28     0131.19142.62     0139.64
2029   3929.47     0     0     0     0     0142.12     0163.99172.44     0 177.9
2030   1318.12     0     0     0     0     0 75.53     0 62.61 57.58     0 52.18
2030   2810.52     0     0     0     0     0116.28     0131.19142.62     0139.64
2030   3929.47     0     0     0     0     0142.12     0163.99172.44     0 177.9
**** Load  :        66         Sgmnt:    1
YEAR BLK     1     2     3     4     5     6     7     8     9    10    11    12
2025   1     0     0     0     0     0     0     0     0     0     0     0     0
2025   2     0     0     0     0     0     0     0     0     0     0     0     0
2025   3     0     0     0     0     0     0     0     0     0     0     0     0
2026   1     0     0     0     0     0     0     0     0     0     0     0     0
2026   2     0     0     0     0     0     0     0     0     0     0     0     0
2026   3     0     0     0     0     0     0     0     0     0     0     0     0
2027   1     0     0     0     0     0     0     0     0     0     0     0     0
2027   2     0     0     0     0     0     0     0     0     0     0     0     0
2027   3     0     0     0     0     0     0     0     0     0     0     0     0
2028   1     0     0     0     0     0     0     0     0     0     0     0     0
2028   2     0     0     0     0     0     0     0     0     0     0     0     0
2028   3     0     0     0     0     0     0     0     0     0     0     0     0
2029   1     0     0     0     0     0     0     0     0     0     0     0     0
2029   2     0     0     0     0     0     0     0     0     0     0     0     0
2029   3     0     0     0     0     0     0     0     0     0     0     0     0
2030   1     0     0     0     0     0     0     0     0     0     0     0     0
2030   2     0     0     0     0     0     0     0     0     0     0     0     0
2030   3     0     0     0     0     0     0     0     0     0     0     0     0
**** Load  :        67         Sgmnt:    1
YEAR BLK     1     2     3     4     5     6     7     8     9    10    11    12
2025   1     0     0     0     0     0     0     0     0     0     0     0     0
2025   2     0     0     0     0     0     0     0     0     0     0     0     0
2025   3     0     0     0     0     0     0     0     0     0     0     0     0
2026   1     0     0     0     0     0     0     0     0     0     0     0     0
2026   2     0     0     0     0     0     0     0     0     0     0     0     0
2026   3     0     0     0     0     0     0     0     0     0     0     0     0
2027   1     0     0     0     0     0     0     0     0     0     0     0     0
2027   2     0     0     0     0     0     0     0     0     0     0     0     0
2027   3     0     0     0     0     0     0     0     0     0     0     0     0
2028   1     0     0     0     0     0     0     0     0     0     0     0     0
2028   2     0     0     0     0     0     0     0     0     0     0     0     0
2028   3     0     0     0     0     0     0     0     0     0     0     0     0
2029   1     0     0     0     0     0     0     0     0     0     0     0     0
2029   2     0     0     0     0     0     0     0     0     0     0     0     0
2029   3     0     0     0     0     0     0     0     0     0     0     0     0
2030   1     0     0     0     0     0     0     0     0     0     0     0     0
2030   2     0     0     0     0     0     0     0     0     0     0     0     0
2030   3     0     0     0     0     0     0     0     0     0     0     0     0
**** Load  :        68         Sgmnt:    1
YEAR BLK     1     2     3     4     5     6     7     8     9    10    11    12
2025   1     0     0     0     0     0     0     0     0     0     0     0     0
2025   2     0     0     0     0     0     0     0     0     0     0     0     0
2025   3     0     0     0     0     0     0     0     0     0     0     0     0
2026   1     0     0     0     0     0     0     0     0     0     0     0     0
2026   2     0     0     0     0     0     0     0     0     0     0     0     0
2026   3     0     0     0     0     0     0     0     0     0     0     0     0
2027   1     0     0     0     0     0     0     0     0     0     0     0     0
2027   2     0     0     0     0     0     0     0     0     0     0     0     0
2027   3     0     0     0     0     0     0     0     0     0     0     0     0
2028   1     0     0     0     0     0     0     0     0     0     0     0     0
2028   2     0     0     0     0     0     0     0     0     0     0     0     0
2028   3     0     0     0     0     0     0     0     0     0     0     0     0
2029   1     0     0     0     0     0     0     0     0     0     0     0     0
2029   2     0     0     0     0     0     0     0     0     0     0     0     0
2029   3     0     0     0     0     0     0     0     0     0     0     0     0
2030   1     0     0     0     0     0     0     0     0     0     0     0     0
2030   2     0     0     0     0     0     0     0     0     0     0     0     0
2030   3     0     0     0     0     0     0     0     0     0     0     0     0
**** Load  :        40         Sgmnt:    1
YEAR BLK     1     2     3     4     5     6     7     8     9    10    11    12
2025   1     0     0     0219.95664.262183.32183.33997.93455.2  23701692.3  2263
2025   2     0     0     0343.671059.92940.33513.95151.46805.65808.93912.65687.4
2025   3     0     0     0426.151348.63407.54137.85797.98571.67128.7  48737125.6
2026   1     0     0     0219.95664.262183.32183.33997.93455.2  23701692.3  2263
2026   2     0     0     0343.671059.92940.33513.95151.46805.65808.93912.65687.4
2026   3     0     0     0426.151348.63407.54137.85797.98571.67128.7  48737125.6
2027   1     0     0     0219.95664.262183.32183.33997.93455.2  23701692.3  2263
2027   2     0     0     0343.671059.92940.33513.95151.46805.65808.93912.65687.4
2027   3     0     0     0426.151348.63407.54137.85797.98571.67128.7  48737125.6
2028   1     0     0     0219.95664.262183.32183.33997.93455.2  23701692.3  2263
2028   2     0     0     0343.671059.92940.33513.95151.46805.65808.93912.65687.4
2028   3     0     0     0426.151348.63407.54137.85797.98571.67128.7  48737125.6
2029   1     0     0     0219.95664.262183.32183.33997.93455.2  23701692.3  2263
2029   2     0     0     0343.671059.92940.33513.95151.46805.65808.93912.65687.4
2029   3     0     0     0426.151348.63407.54137.85797.98571.67128.7  48737125.6
2030   1     0     0     0219.95664.262183.32183.33997.93455.2  23701692.3  2263
2030   2     0     0     0343.671059.92940.33513.95151.46805.65808.93912.65687.4
2030   3     0     0     0426.151348.63407.54137.85797.98571.67128.7  48737125.6
**** Load  :        41         Sgmnt:    1
YEAR BLK     1     2     3     4     5     6     7     8     9    10    11    12
2025   1 42313 51511 51679 45004     0154.76400.98 647.2662.08580.37276.99 36914
2025   2107805 99343 98437 70319     0229.51 617.3925.071160.71306.4728.09 98789
2025   3123626114060111445 87196     0269.96 601.41044.71450.91525.7894.29125860
2026   1 42313 51511 51679 45004     0154.76400.98 647.2662.08580.37276.99 36914
2026   2107805 99343 98437 70319     0229.51 617.3925.071160.71306.4728.09 98789
2026   3123626114060111445 87196     0269.96 601.41044.71450.91525.7894.29125860
2027   1 42313 51511 51679 45004     0154.76400.98 647.2662.08580.37276.99 36914
2027   2107805 99343 98437 70319     0229.51 617.3925.071160.71306.4728.09 98789
2027   3123626114060111445 87196     0269.96 601.41044.71450.91525.7894.29125860
2028   1 42313 51511 51679 45004     0154.76400.98 647.2662.08580.37276.99 36914
2028   2107805 99343 98437 70319     0229.51 617.3925.071160.71306.4728.09 98789
2028   3123626114060111445 87196     0269.96 601.41044.71450.91525.7894.29125860
2029   1 42313 51511 51679 45004     0154.76400.98 647.2662.08580.37276.99 36914
2029   2107805 99343 98437 70319     0229.51 617.3925.071160.71306.4728.09 98789
2029   3123626114060111445 87196     0269.96 601.41044.71450.91525.7894.29125860
2030   1 42313 51511 51679 45004     0154.76400.98 647.2662.08580.37276.99 36914
2030   2107805 99343 98437 70319     0229.51 617.3925.071160.71306.4728.09 98789
2030   3123626114060111445 87196     0269.96 601.41044.71450.91525.7894.29125860
**** Load  :        15         Sgmnt:    1
YEAR BLK     1     2     3     4     5     6     7     8     9    10    11    12
2025   1331.18316.67346.24   245206.99206.21199.56218.56272.22276.61   308295.05
2025   2491.13 487.5494.89513.33540.05542.03534.05556.86   525526.88481.25473.93
2025   3577.69595.83558.87641.67652.96665.76680.39638.58602.78596.51596.75603.02
2026   1331.18316.67346.24   245206.99206.21199.56218.56272.22276.61   308295.05
2026   2491.13 487.5494.89513.33540.05542.03534.05556.86   525526.88481.25473.93
2026   3577.69595.83558.87641.67652.96665.76680.39638.58602.78596.51596.75603.02
2027   1342.77327.75358.35253.58214.23213.43206.54226.21281.75286.29318.78305.38
2027   2508.32504.56512.21 531.3558.96561.01552.75576.35543.38545.32498.09490.51
2027   3597.91616.69578.43664.13675.81689.06704.21660.94623.88617.38617.63624.11
2028   1354.77339.22370.89262.45221.73220.89213.77234.13291.61296.31329.93316.06
2028   2 526.1522.22530.14549.89578.51580.64572.08596.51562.39 564.4515.52507.68
2028   3618.83638.27598.67687.36699.46713.17728.85684.06 645.7638.99639.25645.96
2029   1367.19351.09383.88271.64229.49228.62221.25242.32301.82306.68341.49327.14
2029   2544.52 540.5548.69569.14598.77600.95 592.1617.39582.08584.16533.58525.47
2029   3640.49660.61619.63711.43723.94738.13754.35707.99668.31661.35661.63668.59
2030   1380.03363.38397.31281.14237.52236.63   229250.81312.38317.41353.44338.58
2030   2563.57559.41567.89589.05619.71   622612.84639.01602.44 604.6552.26543.85
2030   3 662.9683.72 641.3736.31749.27763.97780.77732.79691.69684.49 684.8691.97
**** Load  :        62         Sgmnt:    1
YEAR BLK     1     2     3     4     5     6     7     8     9    10    11    12
2025   1     0     0     0     0     0     0     0     0     0     0     0     0
2025   2     0     0     0     0     0     0     0     0     0     0     0     0
2025   3     0     0     0     0     0     0     0     0     0     0     0     0
2026   1     0     0     0     0     0     0     0     0     0     0     0     0
2026   2     0     0     0     0     0     0     0     0     0     0     0     0
2026   3     0     0     0     0     0     0     0     0     0     0     0     0
2027   1     0     0     0     0     0     0     0     0     0     0     0     0
2027   2     0     0     0     0     0     0     0     0     0     0     0     0
2027   3     0     0     0     0     0     0     0     0     0     0     0     0
2028   1     0     0     0     0     0     0     0     0     0     0     0     0
2028   2     0     0     0     0     0     0     0     0     0     0     0     0
2028   3     0     0     0     0     0     0     0     0     0     0     0     0
2029   1     0     0     0     0     0     0     0     0     0     0     0     0
2029   2     0     0     0     0     0     0     0     0     0     0     0     0
2029   3     0     0     0     0     0     0     0     0     0     0     0     0
2030   1     0     0     0     0     0     0     0     0     0     0     0     0
2030   2     0     0     0     0     0     0     0     0     0     0     0     0
2030   3     0     0     0     0     0     0     0     0     0     0     0     0
**** Load  :        16         Sgmnt:    1
YEAR BLK     1     2     3     4     5     6     7     8     9    10    11    12
2025   1 47.31 45.24 49.46    35 29.57 29.46 28.51 31.22 38.89 39.52    44 42.15
2025   2 70.16 69.64  70.7 73.33 77.15 77.43 76.29 79.55    75 75.27 68.75  67.7
2025   3 82.53 85.12 79.84 91.67 93.28 95.11  97.2 91.23 86.11 85.22 85.25 86.15
2026   1 47.31 45.24 49.46    35 29.57 29.46 28.51 31.22 38.89 39.52    44 42.15
2026   2 70.16 69.64  70.7 73.33 77.15 77.43 76.29 79.55    75 75.27 68.75  67.7
2026   3 82.53 85.12 79.84 91.67 93.28 95.11  97.2 91.23 86.11 85.22 85.25 86.15
2027   1 48.02 45.92  50.2 35.53 30.01  29.9 28.93 31.69 39.47 40.11 44.67 42.77
2027   2 71.21 70.69 71.76 74.43 78.31 78.58 77.43 80.73 76.13  76.4 69.79 68.71
2027   3 83.76  86.4 81.04 93.04 94.68 96.52 98.64 92.58  87.4 86.49 86.54 87.42
2028   1 48.73  46.6 50.95 36.05 30.46 30.35 29.37 32.17 40.06  40.7 45.33 43.42
2028   2 72.27 71.73 72.82 75.53 79.47 79.77  78.6 81.95 77.25 77.53 70.83 69.74
2028   3    85 87.67 82.23 94.42 96.08 97.98100.13 93.98 88.69 87.77 87.83 88.74
2029   1 49.46  47.3 51.71 36.59 30.92  30.8 29.81 32.65 40.66 41.31    46 44.09
2029   2 73.35 72.81 73.92 76.67 80.66 80.96 79.77 83.17 78.41 78.69 71.88 70.81
2029   3 86.28 88.99 83.47 95.84 97.52 99.44101.63 95.38 90.03 89.09 89.13  90.1
2030   1 50.22 48.02  52.5 37.15 31.39 31.27 30.26 33.14 41.28 41.95 46.69 44.73
2030   2 74.48 73.93 75.05 77.84  81.9 82.19 80.98 84.43 79.61  79.9 72.95 71.85
2030   3  87.6 90.35 84.75  97.3 99.02100.95103.17 96.83 91.41 90.46 90.46 91.42
**** Load  :        44         Sgmnt:    1
YEAR BLK     1     2     3     4     5     6     7     8     9    10    11    12
2025   1     0     0461.721135.41079.61487.21197.61743.91453.21155.61019.2911.25
2025   2     0     0 846.9  17451689.92205.51790.32440.42694.22916.82647.42438.7
2025   3     0     0958.812163.82168.32594.22188.12740.23286.13526.63287.23106.9
2026   1     0     0461.721135.41079.61487.21197.61743.91453.21155.61019.2911.25
2026   2     0     0 846.9  17451689.92205.51790.32440.42694.22916.82647.42438.7
2026   3     0     0958.812163.82168.32594.22188.12740.23286.13526.63287.23106.9
2027   1     0     0461.721135.41079.61487.21197.61743.91453.21155.61019.2911.25
2027   2     0     0 846.9  17451689.92205.51790.32440.42694.22916.82647.42438.7
2027   3     0     0958.812163.82168.32594.22188.12740.23286.13526.63287.23106.9
2028   1     0     0461.721135.41079.61487.21197.61743.91453.21155.61019.2911.25
2028   2     0     0 846.9  17451689.92205.51790.32440.42694.22916.82647.42438.7
2028   3     0     0958.812163.82168.32594.22188.12740.23286.13526.63287.23106.9
2029   1     0     0461.721135.41079.61487.21197.61743.91453.21155.61019.2911.25
2029   2     0     0 846.9  17451689.92205.51790.32440.42694.22916.82647.42438.7
2029   3     0     0958.812163.82168.32594.22188.12740.23286.13526.63287.23106.9
2030   1     0     0461.721135.41079.61487.21197.61743.91453.21155.61019.2911.25
2030   2     0     0 846.9  17451689.92205.51790.32440.42694.22916.82647.42438.7
2030   3     0     0958.812163.82168.32594.22188.12740.23286.13526.63287.23106.9
**** Load  :        45         Sgmnt:    1
YEAR BLK     1     2     3     4     5     6     7     8     9    10    11    12
2025   1     0     0     0     0     0     0  2.94  3.55   7.3  4.25  2.03  2.03
2025   2     0     0     0     0     0     0  4.52  5.08  15.3 11.09  5.33  5.43
2025   3     0     0     0     0     0     0  5.52  5.74 19.12  13.4  6.55  6.91
2026   1     0     0     0     0     0     0  2.94  3.55   7.3  4.25  2.03  2.03
2026   2     0     0     0     0     0     0  4.52  5.08  15.3 11.09  5.33  5.43
2026   3     0     0     0     0     0     0  5.52  5.74 19.12  13.4  6.55  6.91
2027   1     0     0     0     0     0     0  2.94  3.55   7.3  4.25  2.03  2.03
2027   2     0     0     0     0     0     0  4.52  5.08  15.3 11.09  5.33  5.43
2027   3     0     0     0     0     0     0  5.52  5.74 19.12  13.4  6.55  6.91
2028   1     0     0     0     0     0     0  2.94  3.55   7.3  4.25  2.03  2.03
2028   2     0     0     0     0     0     0  4.52  5.08  15.3 11.09  5.33  5.43
2028   3     0     0     0     0     0     0  5.52  5.74 19.12  13.4  6.55  6.91
2029   1     0     0     0     0     0     0  2.94  3.55   7.3  4.25  2.03  2.03
2029   2     0     0     0     0     0     0  4.52  5.08  15.3 11.09  5.33  5.43
2029   3     0     0     0     0     0     0  5.52  5.74 19.12  13.4  6.55  6.91
2030   1     0     0     0     0     0     0  2.94  3.55   7.3  4.25  2.03  2.03
2030   2     0     0     0     0     0     0  4.52  5.08  15.3 11.09  5.33  5.43
2030   3     0     0     0     0     0     0  5.52  5.74 19.12  13.4  6.55  6.91
**** Load  :        53         Sgmnt:    1
YEAR BLK     1     2     3     4     5     6     7     8     9    10    11    12
2025   1     0     0     0     0     0     0     0     0     0     0     0     0
2025   2     0     0     0     0     0     0     0     0     0     0     0     0
2025   3     0     0     0     0     0     0     0     0     0     0     0     0
2026   1     0     0     0     0     0     0     0     0     0     0     0     0
2026   2     0     0     0     0     0     0     0     0     0     0     0     0
2026   3     0     0     0     0     0     0     0     0     0     0     0     0
2027   1     0     0     0     0     0     0     0     0     0     0     0     0
2027   2     0     0     0     0     0     0     0     0     0     0     0     0
2027   3     0     0     0     0     0     0     0     0     0     0     0     0
2028   1     0     0     0     0     0     0     0     0     0     0     0     0
2028   2     0     0     0     0     0     0     0     0     0     0     0     0
2028   3     0     0     0     0     0     0     0     0     0     0     0     0
2029   1     0     0     0     0     0     0     0     0     0     0     0     0
2029   2     0     0     0     0     0     0     0     0     0     0     0     0
2029   3     0     0     0     0     0     0     0     0     0     0     0     0
2030   1     0     0     0     0     0     0     0     0     0     0     0     0
2030   2     0     0     0     0     0     0     0     0     0     0     0     0
2030   3     0     0     0     0     0     0     0     0     0     0     0     0
**** Load  :        54         Sgmnt:    1
YEAR BLK     1     2     3     4     5     6     7     8     9    10    11    12
2025   1     0     0     0     0     0     0     0     0     0     0     0     0
2025   2     0     0     0     0     0     0     0     0     0     0     0     0
2025   3     0     0     0     0     0     0     0     0     0     0     0     0
2026   1     0     0     0     0     0     0     0     0     0     0     0     0
2026   2     0     0     0     0     0     0     0     0     0     0     0     0
2026   3     0     0     0     0     0     0     0     0     0     0     0     0
2027   1     0     0     0     0     0     0     0     0     0     0     0     0
2027   2     0     0     0     0     0     0     0     0     0     0     0     0
2027   3     0     0     0     0     0     0     0     0     0     0     0     0
2028   1     0     0     0     0     0     0     0     0     0     0     0     0
2028   2     0     0     0     0     0     0     0     0     0     0     0     0
2028   3     0     0     0     0     0     0     0     0     0     0     0     0
2029   1     0     0     0     0     0     0     0     0     0     0     0     0
2029   2     0     0     0     0     0     0     0     0     0     0     0     0
2029   3     0     0     0     0     0     0     0     0     0     0     0     0
2030   1     0     0     0     0     0     0     0     0     0     0     0     0
2030   2     0     0     0     0     0     0     0     0     0     0     0     0
2030   3     0     0     0     0     0     0     0     0     0     0     0     0
**** Load  :        55         Sgmnt:    1
YEAR BLK     1     2     3     4     5     6     7     8     9    10    11    12
2025   1     0     0     0     0     0     0     0     0     0     0     0     0
2025   2     0     0     0     0     0     0     0     0     0     0     0     0
2025   3     0     0     0     0     0     0     0     0     0     0     0     0
2026   1     0     0     0     0     0     0     0     0     0     0     0     0
2026   2     0     0     0     0     0     0     0     0     0     0     0     0
2026   3     0     0     0     0     0     0     0     0     0     0     0     0
2027   1     0     0     0     0     0     0     0     0     0     0     0     0
2027   2     0     0     0     0     0     0     0     0     0     0     0     0
2027   3     0     0     0     0     0     0     0     0     0     0     0     0
2028   1     0     0     0     0     0     0     0     0     0     0     0     0
2028   2     0     0     0     0     0     0     0     0     0     0     0     0
2028   3     0     0     0     0     0     0     0     0     0     0     0     0
2029   1     0     0     0     0     0     0     0     0     0     0     0     0
2029   2     0     0     0     0     0     0     0     0     0     0     0     0
2029   3     0     0     0     0     0     0     0     0     0     0     0     0
2030   1     0     0     0     0     0     0     0     0     0     0     0     0
2030   2     0     0     0     0     0     0     0     0     0     0     0     0
2030   3     0     0     0     0     0     0     0     0     0     0     0     0
**** Load  :        17         Sgmnt:    1
YEAR BLK     1     2     3     4     5     6     7     8     9    10    11    12
2025   1 35.13 33.59  37.1 26.25  22.4 22.31  21.8 23.65 29.46 29.64    33 30.32
2025   2 52.09 51.71 53.02    55 58.44 58.65 58.35 60.25 56.81 56.45 51.56 48.71
2025   3 61.28  63.2 59.88 68.75 70.66 72.04 74.34  69.1 65.23 63.91 63.94 61.97
2026   1 35.13 33.59  37.1 26.25  22.4 22.31  21.8 23.65 29.46 29.64    33 30.32
2026   2 52.09 51.71 53.02    55 58.44 58.65 58.35 60.25 56.81 56.45 51.56 48.71
2026   3 61.28  63.2 59.88 68.75 70.66 72.04 74.34  69.1 65.23 63.91 63.94 61.97
2027   1 35.65 34.09 37.64 26.64 22.74 22.65 22.13    24 29.91 30.07 33.49 30.77
2027   2 52.87 52.48  53.8 55.81 59.33 59.53 59.22 61.16 57.68 57.28 52.33 49.43
2027   3 62.18 64.14 60.76 69.76 71.73 73.12 75.45 70.14 66.22 64.85 64.88 62.89
2028   1 36.19 34.61 38.21 27.04 23.08 22.98 22.47 24.36 30.35 30.53    34 31.25
2028   2 53.67 53.28 54.61 56.65 60.22 60.41 60.13 62.07 58.54 58.15 53.13 50.19
2028   3 63.13 65.12 61.68 70.81  72.8  74.2  76.6 71.17 67.21 65.83 65.88 63.86
2029   1 36.74 35.13  38.8 27.46 23.42 23.33 22.81 24.73  30.8    31 34.51  31.7
2029   2 54.48 54.08 55.46 57.53  61.1 61.33 61.03 63.01  59.4 59.05 53.92 50.92
2029   3 64.08 66.09 62.63 71.91 73.88 75.33 77.76 72.26  68.2 66.85 66.87 64.78
2030   1 37.28 35.65 39.37 27.86 23.77 23.68 23.15  25.1 31.27 31.45 35.02 32.19
2030   2 55.29 54.88 56.28 58.37 62.03 62.25 61.94 63.96  60.3 59.91 54.72 51.71
2030   3 65.03 67.07 63.55 72.97    75 76.46 78.91 73.34 69.23 67.83 67.86  65.8
**** Load  :        38         Sgmnt:    1
YEAR BLK     1     2     3     4     5     6     7     8     9    10    11    12
2025   1     0     0     0     0     0     0     0     0     0     0     0     0
2025   2     0     0     0     0     0     0     0     0     0     0     0     0
2025   3     0     0     0     0     0     0     0     0     0     0     0     0
2026   1     0     0     0     0     0     0     0     0     0     0     0     0
2026   2     0     0     0     0     0     0     0     0     0     0     0     0
2026   3     0     0     0     0     0     0     0     0     0     0     0     0
2027   1     0     0     0     0     0     0     0     0     0     0     0     0
2027   2     0     0     0     0     0     0     0     0     0     0     0     0
2027   3     0     0     0     0     0     0     0     0     0     0     0     0
2028   1     0     0     0     0     0     0     0     0     0     0     0     0
2028   2     0     0     0     0     0     0     0     0     0     0     0     0
2028   3     0     0     0     0     0     0     0     0     0     0     0     0
2029   1     0     0     0     0     0     0     0     0     0     0     0     0
2029   2     0     0     0     0     0     0     0     0     0     0     0     0
2029   3     0     0     0     0     0     0     0     0     0     0     0     0
2030   1     0     0     0     0     0     0     0     0     0     0     0     0
2030   2     0     0     0     0     0     0     0     0     0     0     0     0
2030   3     0     0     0     0     0     0     0     0     0     0     0     0
**** Load  :        39         Sgmnt:    1
YEAR BLK     1     2     3     4     5     6     7     8     9    10    11    12
2025   1     0     0     0     0     0     0     0     0     0     0     0     0
2025   2     0     0     0     0     0     0     0     0     0     0     0     0
2025   3     0     0     0     0     0     0     0     0     0     0     0     0
2026   1     0     0     0     0     0     0     0     0     0     0     0     0
2026   2     0     0     0     0     0     0     0     0     0     0     0     0
2026   3     0     0     0     0     0     0     0     0     0     0     0     0
2027   1     0     0     0     0     0     0     0     0     0     0     0     0
2027   2     0     0     0     0     0     0     0     0     0     0     0     0
2027   3     0     0     0     0     0     0     0     0     0     0     0     0
2028   1     0     0     0     0     0     0     0     0     0     0     0     0
2028   2     0     0     0     0     0     0     0     0     0     0     0     0
2028   3     0     0     0     0     0     0     0     0     0     0     0     0
2029   1     0     0     0     0     0     0     0     0     0     0     0     0
2029   2     0     0     0     0     0     0     0     0     0     0     0     0
2029   3     0     0     0     0     0     0     0     0     0     0     0     0
2030   1     0     0     0     0     0     0     0     0     0     0     0     0
2030   2     0     0     0     0     0     0     0     0     0     0     0     0
2030   3     0     0     0     0     0     0     0     0     0     0     0     0
**** Load  :        13         Sgmnt:    1
YEAR BLK     1     2     3     4     5     6     7     8     9    10    11    12
2025   1898.92850.93939.78   665567.45565.25547.02599.11746.28750.81   836768.17
2025   21333.1  13101343.31393.31480.51485.81463.91526.41439.21430.11306.21233.9
2025   3  15681601.11516.91741.7  1790  18251865.11750.51652.51619.11619.8  1570
2026   1898.92850.93939.78   665567.45565.25547.02599.11746.28750.81   836768.17
2026   21333.1  13101343.31393.31480.51485.81463.91526.41439.21430.11306.21233.9
2026   3  15681601.11516.91741.7  1790  18251865.11750.51652.51619.11619.8  1570
2027   1934.88884.97977.38 691.6590.14587.85568.89623.07776.13780.84869.44 798.9
2027   21386.41362.4  13971449.11539.71545.21522.51587.51496.81487.31358.51283.2
2027   31630.71665.11577.61811.31861.61897.91939.71820.51718.61683.81684.51632.8
2028   1972.28920.371016.5719.27613.75611.38591.66   648807.18812.08904.22830.86
2028   21441.81416.91452.9  15071601.3  16071583.4  16511556.71546.81412.81334.6
2028   3  16961731.81640.71883.81936.11973.92017.31893.31787.31751.21751.91698.1
2029   11011.2957.171057.1748.04 638.3635.83615.32673.92839.46844.56940.38864.09
2029   21499.51473.5  15111567.31665.41671.31646.7  1717  16191608.71469.31387.9
2029   31763.8  18011706.31959.22013.52052.8  2098  19691858.81821.3  1822  1766
2030   11051.6995.461099.4777.96663.83661.27639.94700.88873.04878.34   978898.65
2030   21559.51532.51571.5  1630  17321738.21712.61785.71683.7  16731528.11443.5
2030   31834.4  18731774.62037.52094.12134.92181.92047.81933.21894.11894.91836.6
**** Load  :        14         Sgmnt:    1
YEAR BLK     1     2     3     4     5     6     7     8     9    10    11    12
2025   1189.25179.14197.85   140119.46   119115.16126.13157.11158.06   176161.72
2025   2280.65275.79 282.8293.33311.69 312.8308.19321.35   303301.08   275259.76
2025   3330.11337.07319.35366.67376.85 384.2392.65368.52347.89340.86   341330.52
2026   1189.25179.14197.85   140119.46   119115.16126.13157.11158.06   176161.72
2026   2280.65275.79 282.8293.33311.69 312.8308.19321.35   303301.08   275259.76
2026   3330.11337.07319.35366.67376.85 384.2392.65368.52347.89340.86   341330.52
2027   1193.03182.72201.81 142.8121.86121.38117.46128.65160.26161.23179.51164.95
2027   2286.26281.29288.45 299.2317.94319.05314.35327.77309.08 307.1280.49264.94
2027   3336.71 343.8325.74   374384.41391.87400.49375.88354.86347.68 347.8337.11
2028   1196.89186.38205.84145.65124.28123.81119.82131.23163.45164.45183.11168.26
2028   2291.98286.93294.21305.18324.26325.45320.66334.35315.23313.23286.11270.26
2028   3343.44350.69332.25381.47392.05399.74408.52383.42361.93354.62354.78343.88
2029   1200.84190.11209.97148.58126.78126.28 122.2133.84166.74167.75186.78171.61
2029   2297.83292.67300.12 311.3330.78331.93327.04341.01321.56319.52291.84275.65
2029   3350.33357.71338.92389.13399.94407.69416.66391.05 369.2361.74361.88350.73
2030   1204.84193.91214.15151.53129.31128.81124.66136.53170.06171.09190.51175.05
2030   2303.76298.52306.09 317.5337.38 338.6333.61347.86327.98325.88297.67281.18
2030   3 357.3364.86345.66396.87407.91415.89425.03398.91376.56368.94369.12357.77
**** Load  :        42         Sgmnt:    1
YEAR BLK     1     2     3     4     5     6     7     8     9    10    11    12
2025   1     0     0     0     0     0     0     0     0     0     0     0     0
2025   2     0     0     0     0     0     0     0     0     0     0     0     0
2025   3     0     0     0     0     0     0     0     0     0     0     0     0
2026   1     0     0     0     0     0     0     0     0     0     0     0     0
2026   2     0     0     0     0     0     0     0     0     0     0     0     0
2026   3     0     0     0     0     0     0     0     0     0     0     0     0
2027   1     0     0     0     0     0     0     0     0     0     0     0     0
2027   2     0     0     0     0     0     0     0     0     0     0     0     0
2027   3     0     0     0     0     0     0     0     0     0     0     0     0
2028   1     0     0     0     0     0     0     0     0     0     0     0     0
2028   2     0     0     0     0     0     0     0     0     0     0     0     0
2028   3     0     0     0     0     0     0     0     0     0     0     0     0
2029   1     0     0     0     0     0     0     0     0     0     0     0     0
2029   2     0     0     0     0     0     0     0     0     0     0     0     0
2029   3     0     0     0     0     0     0     0     0     0     0     0     0
2030   1     0     0     0     0     0     0     0     0     0     0     0     0
2030   2     0     0     0     0     0     0     0     0     0     0     0     0
2030   3     0     0     0     0     0     0     0     0     0     0     0     0
**** Load  :        43         Sgmnt:    1
YEAR BLK     1     2     3     4     5     6     7     8     9    10    11    12
2025   1 47.16     0     0     0     0     0     0     0  6.02  5.25     0     0
2025   2120.15     0     0     0     0     0     0     0 12.61  13.7     0     0
2025   3137.78     0     0     0     0     0     0     0 15.76 16.57     0     0
2026   1 47.16     0     0     0     0     0     0     0  6.02  5.25     0     0
2026   2120.15     0     0     0     0     0     0     0 12.61  13.7     0     0
2026   3137.78     0     0     0     0     0     0     0 15.76 16.57     0     0
2027   1 47.16     0     0     0     0     0     0     0  6.02  5.25     0     0
2027   2120.15     0     0     0     0     0     0     0 12.61  13.7     0     0
2027   3137.78     0     0     0     0     0     0     0 15.76 16.57     0     0
2028   1 47.16     0     0     0     0     0     0     0  6.02  5.25     0     0
2028   2120.15     0     0     0     0     0     0     0 12.61  13.7     0     0
2028   3137.78     0     0     0     0     0     0     0 15.76 16.57     0     0
2029   1 47.16     0     0     0     0     0     0     0  6.02  5.25     0     0
2029   2120.15     0     0     0     0     0     0     0 12.61  13.7     0     0
2029   3137.78     0     0     0     0     0     0     0 15.76 16.57     0     0
2030   1 47.16     0     0     0     0     0     0     0  6.02  5.25     0     0
2030   2120.15     0     0     0     0     0     0     0 12.61  13.7     0     0
2030   3137.78     0     0     0     0     0     0     0 15.76 16.57     0     0
