$version=2
**** Load  :        27         Sgmnt:    1
YEAR BLK     1     2     3     4     5     6     7     8     9    10    11    12
2025   1522.32499.43563.87   420376.13   392386.13408.06485.33464.71501.33428.39
2025   2774.58768.86805.97   880981.351030.41033.31039.7   936885.16783.33 688.1
2025   3 911.1939.71910.16  11001186.51265.61316.51192.31074.71002.1971.33875.52
2026   1522.32499.43563.87   420376.13   392386.13408.06485.33464.71501.33428.39
2026   2774.58768.86805.97   880981.351030.41033.31039.7   936885.16783.33 688.1
2026   3 911.1939.71910.16  11001186.51265.61316.51192.31074.71002.1971.33875.52
2027   1543.21 519.4586.43 436.8391.18407.68401.57424.39504.74 483.3521.38445.53
2027   2805.56 799.6838.21 915.21020.61071.61074.71081.3973.43920.58814.65715.63
2027   3947.53977.29946.57  1144  12341316.21369.2  12401117.61042.21010.2910.55
2028   1564.95540.19609.87454.27406.82423.98417.64441.36524.94502.63542.24463.33
2028   2 837.8831.61871.72951.791061.41114.51117.71124.51012.4957.38847.26744.23
2028   3985.451016.4984.411189.71283.31368.8  14241289.51162.41083.91050.6946.94
2029   1587.54561.79634.28472.45 423.1440.94434.34459.01545.94522.74563.93481.87
2029   2 871.3864.86906.61989.891103.9  11591162.41169.51052.9995.69881.15774.01
2029   31024.9  10571023.81237.41334.71423.61480.91341.11208.91127.31092.6984.82
2030   1611.03584.25659.65491.35440.01458.59451.71477.37567.78543.64586.49501.16
2030   2906.13899.44942.881029.5  11481205.41208.91216.3  10951035.5916.39804.99
2030   31065.81099.31064.81286.9  13881480.61540.11394.81257.21172.31136.31024.2
**** Load  :        28         Sgmnt:    1
YEAR BLK     1     2     3     4     5     6     7     8     9    10    11    12
2025   1 65.29 62.43 70.48  52.5 47.02    49 48.27 51.01 60.67 58.09 62.67 53.55
2025   2 96.82 96.11100.75   110122.67 128.8129.17129.96   117110.65 97.92 86.01
2025   3113.89117.46113.77 137.5148.31 158.2164.56149.03134.33125.27121.42109.44
2026   1 65.29 62.43 70.48  52.5 47.02    49 48.27 51.01 60.67 58.09 62.67 53.55
2026   2 96.82 96.11100.75   110122.67 128.8129.17129.96   117110.65 97.92 86.01
2026   3113.89117.46113.77 137.5148.31 158.2164.56149.03134.33125.27121.42109.44
2027   1 66.59 63.67 71.89 53.55 47.96 49.98 49.23 52.03 61.87 59.25 63.91 54.62
2027   2 98.75 98.02102.76 112.2125.14131.37131.74132.56119.33112.87 99.86 87.74
2027   3116.16119.81116.05140.25 151.3161.35167.84152.01   137127.78123.83111.64
2028   1 67.94 64.96 73.33 54.62 48.91 50.98 50.21 53.06 63.12 60.44  65.2 55.72
2028   2100.75100.01104.81114.44127.61134.01134.38 135.2121.73115.12101.88  89.5
2028   3118.51122.23118.36143.05154.28 164.6 171.2155.04139.76130.34126.33113.88
2029   1 69.29 66.25 74.79 55.72  49.9    52 51.22 54.13 64.38 61.65 66.51 56.82
2029   2102.75101.99 106.9116.75130.19 136.7137.06137.91124.16117.42103.92 91.26
2029   3120.86124.66120.72145.93157.41 167.9174.62158.15142.56132.94128.87116.12
2030   1 70.68 67.59  76.3 56.82 50.89 53.04 52.25 55.21 65.66 62.87 67.82 57.96
2030   2104.82104.05109.05119.06132.78139.42139.82140.67126.64119.75105.97 93.09
2030   3 123.3127.17123.15148.82160.53171.24178.13161.32 145.4135.58131.41118.45
**** Load  :        69         Sgmnt:    1
YEAR BLK     1     2     3     4     5     6     7     8     9    10    11    12
2025   1     0     0     0     0     0 37.96 163.9192.74196.34118.61     0 22.64
2025   2     0     0     0     0     0 56.29252.32226.87397.64320.32     0  60.6
2025   3     0     0     0     0     0 66.21290.41159.38 71.17     0     0     0
2026   1     0     0     0     0     0 37.96 163.9192.74196.34118.61     0 22.64
2026   2     0     0     0     0     0 56.29252.32226.87397.64320.32     0  60.6
2026   3     0     0     0     0     0 66.21290.41159.38 71.17     0     0     0
2027   1     0     0     0     0     0 37.96 163.9192.74196.34118.61     0 22.64
2027   2     0     0     0     0     0 56.29252.32226.87397.64320.32     0  60.6
2027   3     0     0     0     0     0 66.21290.41159.38 71.17     0     0     0
2028   1     0     0     0     0     0 37.96 163.9192.74196.34118.61     0 22.64
2028   2     0     0     0     0     0 56.29252.32226.87397.64320.32     0  60.6
2028   3     0     0     0     0     0 66.21290.41159.38 71.17     0     0     0
2029   1     0     0     0     0     0 37.96 163.9192.74196.34118.61     0 22.64
2029   2     0     0     0     0     0 56.29252.32226.87397.64320.32     0  60.6
2029   3     0     0     0     0     0 66.21290.41159.38 71.17     0     0     0
2030   1     0     0     0     0     0 37.96 163.9192.74196.34118.61     0 22.64
2030   2     0     0     0     0     0 56.29252.32226.87397.64320.32     0  60.6
2030   3     0     0     0     0     0 66.21290.41159.38 71.17     0     0     0
**** Load  :        70         Sgmnt:    1
YEAR BLK     1     2     3     4     5     6     7     8     9    10    11    12
2025   1     0     0     0     0     0     0     0     0     0     0     0     0
2025   2     0     0     0     0     0     0     0     0     0     0     0     0
2025   3     0     0     0     0     0     0     0     0     0     0     0     0
2026   1     0     0     0     0     0     0     0     0     0     0     0     0
2026   2     0     0     0     0     0     0     0     0     0     0     0     0
2026   3     0     0     0     0     0     0     0     0     0     0     0     0
2027   1     0     0     0     0     0     0     0     0     0     0     0     0
2027   2     0     0     0     0     0     0     0     0     0     0     0     0
2027   3     0     0     0     0     0     0     0     0     0     0     0     0
2028   1     0     0     0     0     0     0     0     0     0     0     0     0
2028   2     0     0     0     0     0     0     0     0     0     0     0     0
2028   3     0     0     0     0     0     0     0     0     0     0     0     0
2029   1     0     0     0     0     0     0     0     0     0     0     0     0
2029   2     0     0     0     0     0     0     0     0     0     0     0     0
2029   3     0     0     0     0     0     0     0     0     0     0     0     0
2030   1     0     0     0     0     0     0     0     0     0     0     0     0
2030   2     0     0     0     0     0     0     0     0     0     0     0     0
2030   3     0     0     0     0     0     0     0     0     0     0     0     0
**** Load  :        71         Sgmnt:    1
YEAR BLK     1     2     3     4     5     6     7     8     9    10    11    12
2025   1     0     0     0     0     0     0     0     0     0     0     0     0
2025   2     0     0     0     0     0     0     0     0     0     0     0     0
2025   3     0     0     0     0     0     0     0     0     0     0     0     0
2026   1     0     0     0     0     0     0     0     0     0     0     0     0
2026   2     0     0     0     0     0     0     0     0     0     0     0     0
2026   3     0     0     0     0     0     0     0     0     0     0     0     0
2027   1     0     0     0     0     0     0     0     0     0     0     0     0
2027   2     0     0     0     0     0     0     0     0     0     0     0     0
2027   3     0     0     0     0     0     0     0     0     0     0     0     0
2028   1     0     0     0     0     0     0     0     0     0     0     0     0
2028   2     0     0     0     0     0     0     0     0     0     0     0     0
2028   3     0     0     0     0     0     0     0     0     0     0     0     0
2029   1     0     0     0     0     0     0     0     0     0     0     0     0
2029   2     0     0     0     0     0     0     0     0     0     0     0     0
2029   3     0     0     0     0     0     0     0     0     0     0     0     0
2030   1     0     0     0     0     0     0     0     0     0     0     0     0
2030   2     0     0     0     0     0     0     0     0     0     0     0     0
2030   3     0     0     0     0     0     0     0     0     0     0     0     0
**** Load  :        75         Sgmnt:    1
YEAR BLK     1     2     3     4     5     6     7     8     9    10    11    12
2025   1     0     0     0     0     0     0     0     0     0     0     0     0
2025   2     0     0     0     0     0     0     0     0     0     0     0     0
2025   3     0     0     0     0     0     0     0     0     0     0     0     0
2026   1     0     0     0     0     0     0     0     0     0     0     0     0
2026   2     0     0     0     0     0     0     0     0     0     0     0     0
2026   3     0     0     0     0     0     0     0     0     0     0     0     0
2027   1     0     0     0     0     0     0     0     0     0     0     0     0
2027   2     0     0     0     0     0     0     0     0     0     0     0     0
2027   3     0     0     0     0     0     0     0     0     0     0     0     0
2028   1     0     0     0     0     0     0     0     0     0     0     0     0
2028   2     0     0     0     0     0     0     0     0     0     0     0     0
2028   3     0     0     0     0     0     0     0     0     0     0     0     0
2029   1     0     0     0     0     0     0     0     0     0     0     0     0
2029   2     0     0     0     0     0     0     0     0     0     0     0     0
2029   3     0     0     0     0     0     0     0     0     0     0     0     0
2030   1     0     0     0     0     0     0     0     0     0     0     0     0
2030   2     0     0     0     0     0     0     0     0     0     0     0     0
2030   3     0     0     0     0     0     0     0     0     0     0     0     0
**** Load  :        77         Sgmnt:    1
YEAR BLK     1     2     3     4     5     6     7     8     9    10    11    12
2025   1     0     0     0     0     0     0     0     0     0     0     0     0
2025   2     0     0     0     0     0     0     0     0     0     0     0     0
2025   3     0     0     0     0     0     0     0     0     0     0     0     0
2026   1     0     0     0     0     0     0     0     0     0     0     0     0
2026   2     0     0     0     0     0     0     0     0     0     0     0     0
2026   3     0     0     0     0     0     0     0     0     0     0     0     0
2027   1     0     0     0     0     0     0     0     0     0     0     0     0
2027   2     0     0     0     0     0     0     0     0     0     0     0     0
2027   3     0     0     0     0     0     0     0     0     0     0     0     0
2028   1     0     0     0     0     0     0     0     0     0     0     0     0
2028   2     0     0     0     0     0     0     0     0     0     0     0     0
2028   3     0     0     0     0     0     0     0     0     0     0     0     0
2029   1     0     0     0     0     0     0     0     0     0     0     0     0
2029   2     0     0     0     0     0     0     0     0     0     0     0     0
2029   3     0     0     0     0     0     0     0     0     0     0     0     0
2030   1     0     0     0     0     0     0     0     0     0     0     0     0
2030   2     0     0     0     0     0     0     0     0     0     0     0     0
2030   3     0     0     0     0     0     0     0     0     0     0     0     0
**** Load  :        29         Sgmnt:    1
YEAR BLK     1     2     3     4     5     6     7     8     9    10    11    12
2025   1348.22332.95375.91   280250.75261.33257.42272.04323.56309.81334.22285.59
2025   2516.39512.57537.31586.67654.24686.93 688.9693.12   624590.11522.22458.73
2025   3 607.4626.48606.77733.33791.01843.73877.68794.84716.44668.09647.56583.68
2026   1348.22332.95375.91   280250.75261.33257.42272.04323.56309.81334.22285.59
2026   2516.39512.57537.31586.67654.24686.93 688.9693.12   624590.11522.22458.73
2026   3 607.4626.48606.77733.33791.01843.73877.68794.84716.44668.09647.56583.68
2027   1362.15346.28390.95 291.2260.78271.79267.72282.92336.51322.19 347.6297.01
2027   2537.05533.08 558.8610.13680.39714.42716.47720.84648.98 613.7543.13477.07
2027   3 631.7651.54631.05762.67822.63877.49 912.8826.63745.12 694.8673.48607.02
2028   1376.63360.12406.58302.86271.22282.65278.42294.24349.96335.08361.49 308.9
2028   2558.52554.39581.15634.55707.62742.98 745.1749.67674.93638.24564.83496.18
2028   3656.96677.59656.27793.19855.56912.57949.28859.69774.91722.58700.38631.32
2029   1391.69374.53422.85314.97282.07293.97289.57306.02363.96348.49375.96321.25
2029   2580.87576.57604.41659.93735.94772.72774.94779.68701.93 663.8587.43   516
2029   3683.24 704.7682.54824.91889.79949.11987.29 894.1805.91751.51728.41656.55
2030   1407.35 389.5439.77327.57293.35305.73301.14318.26378.51362.42   391334.11
2030   2604.09599.63628.58686.33765.37803.62805.91810.87729.98690.33610.94536.66
2030   3710.56732.88709.85857.91925.38987.061026.8929.87838.12781.55757.56682.83
**** Load  :        30         Sgmnt:    1
YEAR BLK     1     2     3     4     5     6     7     8     9    10    11    12
2025   1 43.53 41.62 46.99    35 31.34 32.67 32.18 34.01 40.44 38.73 41.78  35.7
2025   2 64.55 64.07 67.16 73.33 81.78 85.87 86.11 86.64    78 73.76 65.28 57.34
2025   3 75.92 78.31 75.85 91.67 98.88105.47109.71 99.35 89.56 83.51 80.94 72.96
2026   1 43.53 41.62 46.99    35 31.34 32.67 32.18 34.01 40.44 38.73 41.78  35.7
2026   2 64.55 64.07 67.16 73.33 81.78 85.87 86.11 86.64    78 73.76 65.28 57.34
2026   3 75.92 78.31 75.85 91.67 98.88105.47109.71 99.35 89.56 83.51 80.94 72.96
2027   1  44.4 42.46 47.93  35.7 31.97 33.32 32.83 34.69 41.26  39.5 42.62 36.41
2027   2 65.85 65.36 68.51  74.8  83.4 87.59 87.85 88.37 79.58 75.23  66.6 58.48
2027   3 77.45 79.88 77.36  93.5100.84107.59111.92101.34 91.36 85.17 82.58 74.41
2028   1 45.28 43.29 48.89 36.42 32.62 33.98 33.48 35.38 42.08 40.29 43.47 37.14
2028   2 67.14 66.65 69.89  76.3  85.1 89.32 89.59 90.14 81.15 76.74 67.92 59.66
2028   3 78.98 81.46 78.92 95.38102.89 109.7114.14103.37 93.17 86.88 84.22  75.9
2029   1  46.2 44.18 49.86 37.14 33.27 34.66 34.15 36.09 42.91  41.1 44.33 37.89
2029   2 68.51 68.01 71.26 77.81 86.79 91.12  91.4 91.96 82.76 78.28 69.27 60.86
2029   3 80.59 83.12 80.48 97.26104.94111.92116.45105.45 95.02 88.62  85.9 77.44
2030   1 47.12 45.06 50.87 37.89 33.93 35.36 34.83  36.8 43.77 41.93 45.22 38.65
2030   2 69.88 69.36 72.71 79.38 88.53 92.96 93.21 93.77 84.41 79.86 70.66 62.07
2030   3  82.2 84.78 82.11 99.23107.04114.18118.76107.53 96.92 90.41 87.62 78.98
**** Load  :        72         Sgmnt:    1
YEAR BLK     1     2     3     4     5     6     7     8     9    10    11    12
2025   1     0     0     0     0     0  7.58 21.83 21.14 18.09 14.22  3.02  4.52
2025   2     0     0     0     0     0 11.24  33.6 30.21 37.91 37.09  3.96 12.11
2025   3     0     0     0     0     0 13.23 41.07 34.12 18.95  9.97  4.87 10.28
2026   1     0     0     0     0     0  7.58 21.83 21.14 18.09 14.22  3.02  4.52
2026   2     0     0     0     0     0 11.24  33.6 30.21 37.91 37.09  3.96 12.11
2026   3     0     0     0     0     0 13.23 41.07 34.12 18.95  9.97  4.87 10.28
2027   1     0     0     0     0     0  7.58 21.83 21.14 18.09 14.22  3.02  4.52
2027   2     0     0     0     0     0 11.24  33.6 30.21 37.91 37.09  3.96 12.11
2027   3     0     0     0     0     0 13.23 41.07 34.12 18.95  9.97  4.87 10.28
2028   1     0     0     0     0     0  7.58 21.83 21.14 18.09 14.22  3.02  4.52
2028   2     0     0     0     0     0 11.24  33.6 30.21 37.91 37.09  3.96 12.11
2028   3     0     0     0     0     0 13.23 41.07 34.12 18.95  9.97  4.87 10.28
2029   1     0     0     0     0     0  7.58 21.83 21.14 18.09 14.22  3.02  4.52
2029   2     0     0     0     0     0 11.24  33.6 30.21 37.91 37.09  3.96 12.11
2029   3     0     0     0     0     0 13.23 41.07 34.12 18.95  9.97  4.87 10.28
2030   1     0     0     0     0     0  7.58 21.83 21.14 18.09 14.22  3.02  4.52
2030   2     0     0     0     0     0 11.24  33.6 30.21 37.91 37.09  3.96 12.11
2030   3     0     0     0     0     0 13.23 41.07 34.12 18.95  9.97  4.87 10.28
**** Load  :        73         Sgmnt:    1
YEAR BLK     1     2     3     4     5     6     7     8     9    10    11    12
2025   1     0     0     0     0     0     0     0     0     0     0     0     0
2025   2     0     0     0     0     0     0     0     0     0     0     0     0
2025   3     0     0     0     0     0     0     0     0     0     0     0     0
2026   1     0     0     0     0     0     0     0     0     0     0     0     0
2026   2     0     0     0     0     0     0     0     0     0     0     0     0
2026   3     0     0     0     0     0     0     0     0     0     0     0     0
2027   1     0     0     0     0     0     0     0     0     0     0     0     0
2027   2     0     0     0     0     0     0     0     0     0     0     0     0
2027   3     0     0     0     0     0     0     0     0     0     0     0     0
2028   1     0     0     0     0     0     0     0     0     0     0     0     0
2028   2     0     0     0     0     0     0     0     0     0     0     0     0
2028   3     0     0     0     0     0     0     0     0     0     0     0     0
2029   1     0     0     0     0     0     0     0     0     0     0     0     0
2029   2     0     0     0     0     0     0     0     0     0     0     0     0
2029   3     0     0     0     0     0     0     0     0     0     0     0     0
2030   1     0     0     0     0     0     0     0     0     0     0     0     0
2030   2     0     0     0     0     0     0     0     0     0     0     0     0
2030   3     0     0     0     0     0     0     0     0     0     0     0     0
**** Load  :        31         Sgmnt:    1
YEAR BLK     1     2     3     4     5     6     7     8     9    10    11    12
2025   1510.97   494557.94   420383.23 402.5396.29415.48   490464.71   496397.42
2025   2757.74 760.5797.48   880999.87  10581060.51058.6   945885.16   775638.35
2025   3891.29 929.5900.58  11001208.91299.51351.21213.9  10851002.1   961812.23
2026   1510.97   494557.94   420383.23 402.5396.29415.48   490464.71   496397.42
2026   2757.74 760.5797.48   880999.87  10581060.51058.6   945885.16   775638.35
2026   3891.29 929.5900.58  11001208.91299.51351.21213.9  10851002.1   961812.23
2027   1531.41513.77580.24 436.8398.56 418.6412.14 432.1 509.6 483.3515.84413.31
2027   2788.05790.93829.37 915.21039.91100.3  11031100.9 982.8920.58806.01663.88
2027   3926.94 966.7936.59  11441257.31351.51405.21262.51128.41042.2999.45844.71
2028   1552.67534.31603.47454.27 414.5435.34428.62449.38529.98502.63536.47429.85
2028   2819.59822.55862.56951.791081.51144.31147.11144.91022.1957.38838.23690.45
2028   3964.041005.3974.071189.71307.51405.51461.4  13131173.51083.91039.4 878.5
2029   1574.77555.68 627.6472.45431.07452.75445.77467.36551.19522.74557.93447.03
2029   2852.35855.46897.06989.891124.71190.1  11931190.8  1063995.69871.77718.05
2029   31002.61045.6  10131237.41359.81461.81519.91365.51220.51127.3  1081913.62
2030   1597.76577.92652.71491.35448.32470.87463.61486.06573.22543.64580.24464.92
2030   2886.45889.69932.941029.51169.71237.71240.71238.41105.51035.5906.63746.79
2030   31042.71087.41053.51286.91414.31520.21580.71420.11269.31172.31124.2950.19
**** Load  :        32         Sgmnt:    1
YEAR BLK     1     2     3     4     5     6     7     8     9    10    11    12
2025   1 85.16 82.33 92.99    70 63.87 67.08 66.05 69.25 81.67 77.45 82.67 66.24
2025   2126.29126.75132.91146.67166.65176.33176.76176.43 157.5147.53129.17106.39
2025   3148.55154.92 150.1183.33201.48216.58225.19202.32180.83167.02160.17135.37
2026   1 85.16 82.33 92.99    70 63.87 67.08 66.05 69.25 81.67 77.45 82.67 66.24
2026   2126.29126.75132.91146.67166.65176.33176.76176.43 157.5147.53129.17106.39
2026   3148.55154.92 150.1183.33201.48216.58225.19202.32180.83167.02160.17135.37
2027   1 86.86 83.98 94.84  71.4 65.14 68.43 67.38 70.64  83.3 78.99 84.31 67.57
2027   2128.82129.29135.57 149.6169.96179.86180.31179.97160.65150.46131.74108.53
2027   3151.52158.02153.09   187205.49220.92229.72206.39184.45170.34163.35 138.1
2028   1 88.59 85.66 96.75 72.84 66.46  69.8 68.72 72.05 84.97 80.57    86  68.9
2028   2131.38131.87138.29152.61 173.4183.46 183.9183.56163.88153.47134.38110.68
2028   3154.53161.17156.16190.76209.65225.34234.29 210.5188.15173.75166.63140.82
2029   1 90.37 87.38 98.68 74.29 67.77  71.2 70.08 73.48 86.66 82.19 87.73  70.3
2029   2134.01134.52141.04155.65176.83187.14187.56187.22167.14156.56137.08112.92
2029   3157.63164.41159.28194.56 213.8229.86238.96 214.7 191.9177.25169.98143.68
2030   1 92.19 89.12100.66 75.78 69.13 72.61  71.5 74.95 88.39 83.83 89.49  71.7
2030   2136.71 137.2143.87158.77180.38190.86191.34190.96170.48159.68139.83115.17
2030   3 160.8167.68162.47198.46218.09234.43243.77218.99195.73180.78173.38146.53
**** Load  :        74         Sgmnt:    1
YEAR BLK     1     2     3     4     5     6     7     8     9    10    11    12
2025   1     0     0     0     0     0 48.96 42.28 51.18147.37149.88     0  5.82
2025   2     0     0     0     0     0  72.6 65.09 73.16162.49 287.8     0     0
2025   3     0     0     0     0     0 51.07 33.53 11.62     0     0     0     0
2026   1     0     0     0     0     0 48.96 42.28 51.18147.37149.88     0  5.82
2026   2     0     0     0     0     0  72.6 65.09 73.16162.49 287.8     0     0
2026   3     0     0     0     0     0 51.07 33.53 11.62     0     0     0     0
2027   1     0     0     0     0     0 48.96 42.28 51.18147.37149.88     0  5.82
2027   2     0     0     0     0     0  72.6 65.09 73.16162.49 287.8     0     0
2027   3     0     0     0     0     0 51.07 33.53 11.62     0     0     0     0
2028   1     0     0     0     0     0 48.96 42.28 51.18147.37149.88     0  5.82
2028   2     0     0     0     0     0  72.6 65.09 73.16162.49 287.8     0     0
2028   3     0     0     0     0     0 51.07 33.53 11.62     0     0     0     0
2029   1     0     0     0     0     0 48.96 42.28 51.18147.37149.88     0  5.82
2029   2     0     0     0     0     0  72.6 65.09 73.16162.49 287.8     0     0
2029   3     0     0     0     0     0 51.07 33.53 11.62     0     0     0     0
2030   1     0     0     0     0     0 48.96 42.28 51.18147.37149.88     0  5.82
2030   2     0     0     0     0     0  72.6 65.09 73.16162.49 287.8     0     0
2030   3     0     0     0     0     0 51.07 33.53 11.62     0     0     0     0
**** Load  :        76         Sgmnt:    1
YEAR BLK     1     2     3     4     5     6     7     8     9    10    11    12
2025   1     0     0     0     0     0     0     0     0     0     0     0     0
2025   2     0     0     0     0     0     0     0     0     0     0     0     0
2025   3     0     0     0     0     0     0     0     0     0     0     0     0
2026   1     0     0     0     0     0     0     0     0     0     0     0     0
2026   2     0     0     0     0     0     0     0     0     0     0     0     0
2026   3     0     0     0     0     0     0     0     0     0     0     0     0
2027   1     0     0     0     0     0     0     0     0     0     0     0     0
2027   2     0     0     0     0     0     0     0     0     0     0     0     0
2027   3     0     0     0     0     0     0     0     0     0     0     0     0
2028   1     0     0     0     0     0     0     0     0     0     0     0     0
2028   2     0     0     0     0     0     0     0     0     0     0     0     0
2028   3     0     0     0     0     0     0     0     0     0     0     0     0
2029   1     0     0     0     0     0     0     0     0     0     0     0     0
2029   2     0     0     0     0     0     0     0     0     0     0     0     0
2029   3     0     0     0     0     0     0     0     0     0     0     0     0
2030   1     0     0     0     0     0     0     0     0     0     0     0     0
2030   2     0     0     0     0     0     0     0     0     0     0     0     0
2030   3     0     0     0     0     0     0     0     0     0     0     0     0
