$version=2
**** Load  :        18         Sgmnt:    1
YEAR BLK     1     2     3     4     5     6     7     8     9    10    11    12
2025   1141.94135.71148.39   105 88.71  87.5 84.68 92.74116.67118.55133.33129.03
2025   2210.48208.93 212.1   220231.45   230226.61236.29   225225.81208.33207.26
2025   3247.58255.36239.52   275279.84 282.5288.71270.97258.33255.65258.33263.71
2026   1141.94135.71148.39   105 88.71  87.5 84.68 92.74116.67118.55133.33129.03
2026   2210.48208.93 212.1   220231.45   230226.61236.29   225225.81208.33207.26
2026   3247.58255.36239.52   275279.84 282.5288.71270.97258.33255.65258.33263.71
2027   1 146.9140.46153.58108.68 91.81 90.56 87.64 95.99120.75 122.7   138133.55
2027   2217.85216.24219.52 227.7239.55238.05234.54244.56232.88233.71215.63214.51
2027   3256.25264.29 247.9284.63289.63292.39298.81280.45267.38264.59267.38272.94
2028   1152.04145.37158.95112.47 95.02 93.73  90.7 99.34124.97126.99142.82138.22
2028   2225.46 223.8227.19235.66247.92246.37242.74253.11241.01241.88223.16222.01
2028   3 265.2273.53256.56294.57299.75 302.6309.26290.25276.72273.84276.72282.48
2029   1157.36150.46164.51116.41 98.35 97.01 93.88102.82129.34131.43147.82143.05
2029   2233.36231.63235.14243.91 256.6254.99251.24261.97249.45250.34230.97229.78
2029   3274.48283.11265.54304.88310.25 313.2320.08300.41286.41283.43286.41292.37
2030   1162.87155.73170.27120.49101.79100.41 97.17106.42133.88136.03   153148.06
2030   2241.53239.75243.38252.45265.59263.93260.04271.14258.19259.11239.06237.83
2030   3 284.1293.02274.84315.56321.11324.17331.29310.94296.44293.35296.44302.61
**** Load  :        19         Sgmnt:    1
YEAR BLK     1     2     3     4     5     6     7     8     9    10    11    12
2025   1615.05 588.1643.01   455384.41379.17366.94401.88505.56513.71577.78559.14
2025   2 912.1905.36919.09953.33  1003996.67981.991023.9   975978.49902.78898.12
2025   31072.81106.51037.91191.71212.61224.21251.11174.21119.41107.81119.41142.7
2026   1615.05 588.1643.01   455384.41379.17366.94401.88505.56513.71577.78559.14
2026   2 912.1905.36919.09953.33  1003996.67981.991023.9   975978.49902.78898.12
2026   31072.81106.51037.91191.71212.61224.21251.11174.21119.41107.81119.41142.7
2027   1636.58608.68665.52470.93397.86392.44379.78415.95523.25531.69   598578.71
2027   2944.02937.04951.25 986.71038.11031.51016.41059.81009.11012.7934.38929.55
2027   31110.41145.31074.21233.41255.1  12671294.91215.31158.61146.61158.61182.7
2028   1658.86629.99688.81487.41411.79406.18393.07430.51541.57 550.3618.93598.97
2028   2977.07969.85984.551021.21074.41067.71051.91096.91044.51048.2967.08962.09
2028   31149.31185.41111.81276.5  12991311.41340.21257.81199.21186.71199.21224.1
2029   1681.93652.04712.93504.47426.21420.39406.83445.58560.53569.57 640.6619.94
2029   21011.31003.8  1019  1057  1112  11051088.81135.3  10811084.91000.9995.77
2029   31189.51226.91150.81321.21344.51357.31387.11301.91241.21228.21241.2  1267
2030   1 705.8674.86737.88522.13441.12435.11421.07461.17580.14 589.5663.02641.63
2030   21046.71038.91054.7  10941150.91143.71126.9  11751118.81122.9  10361030.6
2030   31231.11269.8  11911367.51391.51404.81435.71347.41284.61271.21284.61311.3
**** Load  :        20         Sgmnt:    1
YEAR BLK     1     2     3     4     5     6     7     8     9    10    11    12
2025   1165.59158.33173.12 122.5103.49102.08 98.79 108.2136.11138.31155.56150.54
2025   2245.56243.75247.45256.67270.03268.33264.38275.67 262.5263.44243.06 241.8
2025   3288.84297.92279.44320.83326.48329.58336.83316.13301.39298.25301.39307.66
2026   1165.59158.33173.12 122.5103.49102.08 98.79 108.2136.11138.31155.56150.54
2026   2245.56243.75247.45256.67270.03268.33264.38275.67 262.5263.44243.06 241.8
2026   3288.84297.92279.44320.83326.48329.58336.83316.13301.39298.25301.39307.66
2027   1 168.9 161.5176.58124.95105.56104.13100.77110.36138.83141.07158.67153.55
2027   2250.48248.63 252.4 261.8275.43 273.7269.67281.19267.75268.71247.92246.64
2027   3294.62303.88285.02327.25333.01336.18343.56322.45307.42304.22307.42313.81
2028   1172.29164.73180.12127.45107.68106.21102.78112.57141.61 143.9161.84156.62
2028   2255.49 253.6257.45267.04280.94279.18275.07286.82273.11274.09252.88251.58
2028   3300.52309.96290.73 333.8339.68342.91350.45328.91313.57310.31313.57 320.1
2029   1175.72168.01 183.7129.99109.82108.33104.83114.81144.43146.76165.07159.74
2029   2260.58258.65262.58272.36286.54284.74280.55292.53278.55279.55257.92256.59
2029   3 306.5316.13296.52340.45346.44349.74357.42335.46319.82316.49319.82326.47
2030   1179.24171.38187.39 132.6112.03 110.5106.93117.12147.33149.71168.38162.95
2030   2265.81263.84267.84277.82292.28290.45286.17 298.4284.14285.16263.09261.73
2030   3312.65322.47302.47347.28353.39356.75364.59342.19326.23322.84326.23333.02
**** Load  :        78         Sgmnt:    1
YEAR BLK     1     2     3     4     5     6     7     8     9    10    11    12
2025   1     0     0     0     0     0     0     0     0     0     0     0     0
2025   2     0     0     0     0     0     0     0     0     0     0     0     0
2025   3     0     0     0     0     0     0     0     0     0     0     0     0
2026   1     0     0     0     0     0     0     0     0     0     0     0     0
2026   2     0     0     0     0     0     0     0     0     0     0     0     0
2026   3     0     0     0     0     0     0     0     0     0     0     0     0
2027   1     0     0     0     0     0     0     0     0     0     0     0     0
2027   2     0     0     0     0     0     0     0     0     0     0     0     0
2027   3     0     0     0     0     0     0     0     0     0     0     0     0
2028   1     0     0     0     0     0     0     0     0     0     0     0     0
2028   2     0     0     0     0     0     0     0     0     0     0     0     0
2028   3     0     0     0     0     0     0     0     0     0     0     0     0
2029   1     0     0     0     0     0     0     0     0     0     0     0     0
2029   2     0     0     0     0     0     0     0     0     0     0     0     0
2029   3     0     0     0     0     0     0     0     0     0     0     0     0
2030   1     0     0     0     0     0     0     0     0     0     0     0     0
2030   2     0     0     0     0     0     0     0     0     0     0     0     0
2030   3     0     0     0     0     0     0     0     0     0     0     0     0
**** Load  :        79         Sgmnt:    1
YEAR BLK     1     2     3     4     5     6     7     8     9    10    11    12
2025   1     0     0     0     0     0     0     0     0     0     0     0     0
2025   2     0     0     0     0     0     0     0     0     0     0     0     0
2025   3     0     0     0     0     0     0     0     0     0     0     0     0
2026   1     0     0     0     0     0     0     0     0     0     0     0     0
2026   2     0     0     0     0     0     0     0     0     0     0     0     0
2026   3     0     0     0     0     0     0     0     0     0     0     0     0
2027   1     0     0     0     0     0     0     0     0     0     0     0     0
2027   2     0     0     0     0     0     0     0     0     0     0     0     0
2027   3     0     0     0     0     0     0     0     0     0     0     0     0
2028   1     0     0     0     0     0     0     0     0     0     0     0     0
2028   2     0     0     0     0     0     0     0     0     0     0     0     0
2028   3     0     0     0     0     0     0     0     0     0     0     0     0
2029   1     0     0     0     0     0     0     0     0     0     0     0     0
2029   2     0     0     0     0     0     0     0     0     0     0     0     0
2029   3     0     0     0     0     0     0     0     0     0     0     0     0
2030   1     0     0     0     0     0     0     0     0     0     0     0     0
2030   2     0     0     0     0     0     0     0     0     0     0     0     0
2030   3     0     0     0     0     0     0     0     0     0     0     0     0
**** Load  :        80         Sgmnt:    1
YEAR BLK     1     2     3     4     5     6     7     8     9    10    11    12
2025   1     0     0     0     0     0     0     0     0     0     0     0     0
2025   2     0     0     0     0     0     0     0     0     0     0     0     0
2025   3     0     0     0     0     0     0     0     0     0     0     0     0
2026   1     0     0     0     0     0     0     0     0     0     0     0     0
2026   2     0     0     0     0     0     0     0     0     0     0     0     0
2026   3     0     0     0     0     0     0     0     0     0     0     0     0
2027   1     0     0     0     0     0     0     0     0     0     0     0     0
2027   2     0     0     0     0     0     0     0     0     0     0     0     0
2027   3     0     0     0     0     0     0     0     0     0     0     0     0
2028   1     0     0     0     0     0     0     0     0     0     0     0     0
2028   2     0     0     0     0     0     0     0     0     0     0     0     0
2028   3     0     0     0     0     0     0     0     0     0     0     0     0
2029   1     0     0     0     0     0     0     0     0     0     0     0     0
2029   2     0     0     0     0     0     0     0     0     0     0     0     0
2029   3     0     0     0     0     0     0     0     0     0     0     0     0
2030   1     0     0     0     0     0     0     0     0     0     0     0     0
2030   2     0     0     0     0     0     0     0     0     0     0     0     0
2030   3     0     0     0     0     0     0     0     0     0     0     0     0
**** Load  :        81         Sgmnt:    1
YEAR BLK     1     2     3     4     5     6     7     8     9    10    11    12
2025   1     0     0     0     0     0     0     0     0     0     0     0     0
2025   2     0     0     0     0     0     0     0     0     0     0     0     0
2025   3     0     0     0     0     0     0     0     0     0     0     0     0
2026   1     0     0     0     0     0     0     0     0     0     0     0     0
2026   2     0     0     0     0     0     0     0     0     0     0     0     0
2026   3     0     0     0     0     0     0     0     0     0     0     0     0
2027   1     0     0     0     0     0     0     0     0     0     0     0     0
2027   2     0     0     0     0     0     0     0     0     0     0     0     0
2027   3     0     0     0     0     0     0     0     0     0     0     0     0
2028   1     0     0     0     0     0     0     0     0     0     0     0     0
2028   2     0     0     0     0     0     0     0     0     0     0     0     0
2028   3     0     0     0     0     0     0     0     0     0     0     0     0
2029   1     0     0     0     0     0     0     0     0     0     0     0     0
2029   2     0     0     0     0     0     0     0     0     0     0     0     0
2029   3     0     0     0     0     0     0     0     0     0     0     0     0
2030   1     0     0     0     0     0     0     0     0     0     0     0     0
2030   2     0     0     0     0     0     0     0     0     0     0     0     0
2030   3     0     0     0     0     0     0     0     0     0     0     0     0
**** Load  :        82         Sgmnt:    1
YEAR BLK     1     2     3     4     5     6     7     8     9    10    11    12
2025   1     0     0     0     0     0     0     0     0     0     0     0     0
2025   2     0     0     0     0     0     0     0     0     0     0     0     0
2025   3     0     0     0     0     0     0     0     0     0     0     0     0
2026   1     0     0     0     0     0     0     0     0     0     0     0     0
2026   2     0     0     0     0     0     0     0     0     0     0     0     0
2026   3     0     0     0     0     0     0     0     0     0     0     0     0
2027   1     0     0     0     0     0     0     0     0     0     0     0     0
2027   2     0     0     0     0     0     0     0     0     0     0     0     0
2027   3     0     0     0     0     0     0     0     0     0     0     0     0
2028   1     0     0     0     0     0     0     0     0     0     0     0     0
2028   2     0     0     0     0     0     0     0     0     0     0     0     0
2028   3     0     0     0     0     0     0     0     0     0     0     0     0
2029   1     0     0     0     0     0     0     0     0     0     0     0     0
2029   2     0     0     0     0     0     0     0     0     0     0     0     0
2029   3     0     0     0     0     0     0     0     0     0     0     0     0
2030   1     0     0     0     0     0     0     0     0     0     0     0     0
2030   2     0     0     0     0     0     0     0     0     0     0     0     0
2030   3     0     0     0     0     0     0     0     0     0     0     0     0
**** Load  :        83         Sgmnt:    1
YEAR BLK     1     2     3     4     5     6     7     8     9    10    11    12
2025   1     0     0     0     0     0     0     0     0     0     0     0     0
2025   2     0     0     0     0     0     0     0     0     0     0     0     0
2025   3     0     0     0     0     0     0     0     0     0     0     0     0
2026   1     0     0     0     0     0     0     0     0     0     0     0     0
2026   2     0     0     0     0     0     0     0     0     0     0     0     0
2026   3     0     0     0     0     0     0     0     0     0     0     0     0
2027   1     0     0     0     0     0     0     0     0     0     0     0     0
2027   2     0     0     0     0     0     0     0     0     0     0     0     0
2027   3     0     0     0     0     0     0     0     0     0     0     0     0
2028   1     0     0     0     0     0     0     0     0     0     0     0     0
2028   2     0     0     0     0     0     0     0     0     0     0     0     0
2028   3     0     0     0     0     0     0     0     0     0     0     0     0
2029   1     0     0     0     0     0     0     0     0     0     0     0     0
2029   2     0     0     0     0     0     0     0     0     0     0     0     0
2029   3     0     0     0     0     0     0     0     0     0     0     0     0
2030   1     0     0     0     0     0     0     0     0     0     0     0     0
2030   2     0     0     0     0     0     0     0     0     0     0     0     0
2030   3     0     0     0     0     0     0     0     0     0     0     0     0
**** Load  :       103         Sgmnt:    1
YEAR BLK     1     2     3     4     5     6     7     8     9    10    11    12
2025   1313.56566.56625.77709.46496.08712.45645.84928.85594.19 521.5556.36565.14
2025   2703.371071.61130.81101.6796.821049.5962.781283.91237.71352.6  14471465.4
2025   3806.591223.91280.21365.91013.91234.51176.71449.91547.11635.41777.3  1867
2026   1313.56566.56625.77709.46496.08712.45645.84928.85594.19 521.5556.36565.14
2026   2703.371071.61130.81101.6796.821049.5962.781283.91237.71352.6  14471465.4
2026   3806.591223.91280.21365.91013.91234.51176.71449.91547.11635.41777.3  1867
2027   1313.56566.56625.77709.46496.08712.45645.84928.85594.19 521.5556.36565.14
2027   2703.371071.61130.81101.6796.821049.5962.781283.91237.71352.6  14471465.4
2027   3806.591223.91280.21365.91013.91234.51176.71449.91547.11635.41777.3  1867
2028   1313.56566.56625.77709.46496.08712.45645.84928.85594.19 521.5556.36565.14
2028   2703.371071.61130.81101.6796.821049.5962.781283.91237.71352.6  14471465.4
2028   3806.591223.91280.21365.91013.91234.51176.71449.91547.11635.41777.3  1867
2029   1313.56566.56625.77709.46496.08712.45645.84928.85594.19 521.5556.36565.14
2029   2703.371071.61130.81101.6796.821049.5962.781283.91237.71352.6  14471465.4
2029   3806.591223.91280.21365.91013.91234.51176.71449.91547.11635.41777.3  1867
2030   1313.56566.56625.77709.46496.08712.45645.84928.85594.19 521.5556.36565.14
2030   2703.371071.61130.81101.6796.821049.5962.781283.91237.71352.6  14471465.4
2030   3806.591223.91280.21365.91013.91234.51176.71449.91547.11635.41777.3  1867
**** Load  :       104         Sgmnt:    1
YEAR BLK     1     2     3     4     5     6     7     8     9    10    11    12
2025   1     0     0     0     0     0     0     0     0     0     0     0     0
2025   2     0     0     0     0     0     0     0     0     0     0     0     0
2025   3     0     0     0     0     0     0     0     0     0     0     0     0
2026   1     0     0     0     0     0     0     0     0     0     0     0     0
2026   2     0     0     0     0     0     0     0     0     0     0     0     0
2026   3     0     0     0     0     0     0     0     0     0     0     0     0
2027   1     0     0     0     0     0     0     0     0     0     0     0     0
2027   2     0     0     0     0     0     0     0     0     0     0     0     0
2027   3     0     0     0     0     0     0     0     0     0     0     0     0
2028   1     0     0     0     0     0     0     0     0     0     0     0     0
2028   2     0     0     0     0     0     0     0     0     0     0     0     0
2028   3     0     0     0     0     0     0     0     0     0     0     0     0
2029   1     0     0     0     0     0     0     0     0     0     0     0     0
2029   2     0     0     0     0     0     0     0     0     0     0     0     0
2029   3     0     0     0     0     0     0     0     0     0     0     0     0
2030   1     0     0     0     0     0     0     0     0     0     0     0     0
2030   2     0     0     0     0     0     0     0     0     0     0     0     0
2030   3     0     0     0     0     0     0     0     0     0     0     0     0
**** Load  :       105         Sgmnt:    1
YEAR BLK     1     2     3     4     5     6     7     8     9    10    11    12
2025   1     0     0     0     0     0147.95146.74214.33122.76133.16109.45 90.03
2025   2     0     0     0     0     0219.41222.07302.04 227.7 323.3283.06240.95
2025   3     0     0     0     0     0258.08271.42341.08284.63390.88347.68306.97
2026   1     0     0     0     0     0147.95146.74214.33122.76133.16109.45 90.03
2026   2     0     0     0     0     0219.41222.07302.04 227.7 323.3283.06240.95
2026   3     0     0     0     0     0258.08271.42341.08284.63390.88347.68306.97
2027   1     0     0     0     0     0147.95146.74214.33122.76133.16109.45 90.03
2027   2     0     0     0     0     0219.41222.07302.04 227.7 323.3283.06240.95
2027   3     0     0     0     0     0258.08271.42341.08284.63390.88347.68306.97
2028   1     0     0     0     0     0147.95146.74214.33122.76133.16109.45 90.03
2028   2     0     0     0     0     0219.41222.07302.04 227.7 323.3283.06240.95
2028   3     0     0     0     0     0258.08271.42341.08284.63390.88347.68306.97
2029   1     0     0     0     0     0147.95146.74214.33122.76133.16109.45 90.03
2029   2     0     0     0     0     0219.41222.07302.04 227.7 323.3283.06240.95
2029   3     0     0     0     0     0258.08271.42341.08284.63390.88347.68306.97
2030   1     0     0     0     0     0147.95146.74214.33122.76133.16109.45 90.03
2030   2     0     0     0     0     0219.41222.07302.04 227.7 323.3283.06240.95
2030   3     0     0     0     0     0258.08271.42341.08284.63390.88347.68306.97
**** Load  :       106         Sgmnt:    1
YEAR BLK     1     2     3     4     5     6     7     8     9    10    11    12
2025   1     0     0     0     0     0     0     0     0     0     0     0     0
2025   2     0     0     0     0     0     0     0     0     0     0     0     0
2025   3     0     0     0     0     0     0     0     0     0     0     0     0
2026   1     0     0     0     0     0     0     0     0     0     0     0     0
2026   2     0     0     0     0     0     0     0     0     0     0     0     0
2026   3     0     0     0     0     0     0     0     0     0     0     0     0
2027   1     0     0     0     0     0     0     0     0     0     0     0     0
2027   2     0     0     0     0     0     0     0     0     0     0     0     0
2027   3     0     0     0     0     0     0     0     0     0     0     0     0
2028   1     0     0     0     0     0     0     0     0     0     0     0     0
2028   2     0     0     0     0     0     0     0     0     0     0     0     0
2028   3     0     0     0     0     0     0     0     0     0     0     0     0
2029   1     0     0     0     0     0     0     0     0     0     0     0     0
2029   2     0     0     0     0     0     0     0     0     0     0     0     0
2029   3     0     0     0     0     0     0     0     0     0     0     0     0
2030   1     0     0     0     0     0     0     0     0     0     0     0     0
2030   2     0     0     0     0     0     0     0     0     0     0     0     0
2030   3     0     0     0     0     0     0     0     0     0     0     0     0
**** Load  :       107         Sgmnt:    1
YEAR BLK     1     2     3     4     5     6     7     8     9    10    11    12
2025   1173.97298.42295.64266.46251.65343.71319.43452.34222.79189.79263.68260.31
2025   2390.57544.87 527.7413.77404.22 509.7476.29 625.7464.09489.39685.81678.87
2025   3447.89625.59597.43513.07514.32599.53582.14706.59580.12591.71842.35 864.9
2026   1173.97298.42295.64266.46251.65343.71319.43452.34222.79189.79263.68260.31
2026   2390.57544.87 527.7413.77404.22 509.7476.29 625.7464.09489.39685.81678.87
2026   3447.89625.59597.43513.07514.32599.53582.14706.59580.12591.71842.35 864.9
2027   1173.97298.42295.64266.46251.65343.71319.43452.34222.79189.79263.68260.31
2027   2390.57544.87 527.7413.77404.22 509.7476.29 625.7464.09489.39685.81678.87
2027   3447.89625.59597.43513.07514.32599.53582.14706.59580.12591.71842.35 864.9
2028   1173.97298.42295.64266.46251.65343.71319.43452.34222.79189.79263.68260.31
2028   2390.57544.87 527.7413.77404.22 509.7476.29 625.7464.09489.39685.81678.87
2028   3447.89625.59597.43513.07514.32599.53582.14706.59580.12591.71842.35 864.9
2029   1173.97298.42295.64266.46251.65343.71319.43452.34222.79189.79263.68260.31
2029   2390.57544.87 527.7413.77404.22 509.7476.29 625.7464.09489.39685.81678.87
2029   3447.89625.59597.43513.07514.32599.53582.14706.59580.12591.71842.35 864.9
2030   1173.97298.42295.64266.46251.65343.71319.43452.34222.79189.79263.68260.31
2030   2390.57544.87 527.7413.77404.22 509.7476.29 625.7464.09489.39685.81678.87
2030   3447.89625.59597.43513.07514.32599.53582.14706.59580.12591.71842.35 864.9
**** Load  :       108         Sgmnt:    1
YEAR BLK     1     2     3     4     5     6     7     8     9    10    11    12
2025   1     0     0     0     0     0     0     0     0     0     0     0     0
2025   2     0     0     0     0     0     0     0     0     0     0     0     0
2025   3     0     0     0     0     0     0     0     0     0     0     0     0
2026   1     0     0     0     0     0     0     0     0     0     0     0     0
2026   2     0     0     0     0     0     0     0     0     0     0     0     0
2026   3     0     0     0     0     0     0     0     0     0     0     0     0
2027   1     0     0     0     0     0     0     0     0     0     0     0     0
2027   2     0     0     0     0     0     0     0     0     0     0     0     0
2027   3     0     0     0     0     0     0     0     0     0     0     0     0
2028   1     0     0     0     0     0     0     0     0     0     0     0     0
2028   2     0     0     0     0     0     0     0     0     0     0     0     0
2028   3     0     0     0     0     0     0     0     0     0     0     0     0
2029   1     0     0     0     0     0     0     0     0     0     0     0     0
2029   2     0     0     0     0     0     0     0     0     0     0     0     0
2029   3     0     0     0     0     0     0     0     0     0     0     0     0
2030   1     0     0     0     0     0     0     0     0     0     0     0     0
2030   2     0     0     0     0     0     0     0     0     0     0     0     0
2030   3     0     0     0     0     0     0     0     0     0     0     0     0
**** Load  :       110         Sgmnt:    1
YEAR BLK     1     2     3     4     5     6     7     8     9    10    11    12
2025   1     0     0     0     0     0     0     0     0     0     0     0     0
2025   2     0     0     0     0     0     0     0     0     0     0     0     0
2025   3     0     0     0     0     0     0     0     0     0     0     0     0
2026   1     0     0     0     0     0     0     0     0     0     0     0     0
2026   2     0     0     0     0     0     0     0     0     0     0     0     0
2026   3     0     0     0     0     0     0     0     0     0     0     0     0
2027   1     0     0     0     0     0     0     0     0     0     0     0     0
2027   2     0     0     0     0     0     0     0     0     0     0     0     0
2027   3     0     0     0     0     0     0     0     0     0     0     0     0
2028   1     0     0     0     0     0     0     0     0     0     0     0     0
2028   2     0     0     0     0     0     0     0     0     0     0     0     0
2028   3     0     0     0     0     0     0     0     0     0     0     0     0
2029   1     0     0     0     0     0     0     0     0     0     0     0     0
2029   2     0     0     0     0     0     0     0     0     0     0     0     0
2029   3     0     0     0     0     0     0     0     0     0     0     0     0
2030   1     0     0     0     0     0     0     0     0     0     0     0     0
2030   2     0     0     0     0     0     0     0     0     0     0     0     0
2030   3     0     0     0     0     0     0     0     0     0     0     0     0
**** Load  :        21         Sgmnt:    1
YEAR BLK     1     2     3     4     5     6     7     8     9    10    11    12
2025   1141.94135.71148.39   105 88.71  87.5 84.68 92.74116.67118.55133.33129.03
2025   2210.48208.93 212.1   220231.45   230226.61236.29   225225.81208.33207.26
2025   3247.58255.36239.52   275279.84 282.5288.71270.97258.33255.65258.33263.71
2026   1141.94135.71148.39   105 88.71  87.5 84.68 92.74116.67118.55133.33129.03
2026   2210.48208.93 212.1   220231.45   230226.61236.29   225225.81208.33207.26
2026   3247.58255.36239.52   275279.84 282.5288.71270.97258.33255.65258.33263.71
2027   1144.06137.75150.61106.58 90.04 88.81 85.95 94.13118.42120.33135.33130.97
2027   2213.64212.06215.28 223.3234.92233.45230.01239.83228.38229.19211.46210.37
2027   3251.29259.19243.11279.13284.04286.74293.04275.03262.21259.48262.21267.67
2028   1146.22139.81152.86108.17 91.39 90.14 87.23 95.54120.19122.12137.36132.92
2028   2216.83215.23 218.5226.64238.43236.94233.45243.42231.79232.62214.62213.51
2028   3255.05263.06246.74 283.3288.28291.02297.42279.14266.13263.36266.13271.66
2029   1148.42141.91155.16 109.8 92.76  91.5 88.54 96.98121.99123.96139.42134.92
2029   2 220.1218.47221.78230.05242.02 240.5236.96247.08235.28236.12217.85216.72
2029   3258.89267.02250.45287.56292.62 295.4301.89283.34270.13267.32270.13275.75
2030   1150.64144.04157.49111.44 94.15 92.87 89.87 98.43123.82125.82141.51136.95
2030   2223.39221.74225.11233.49245.65244.11240.51250.78 238.8239.66221.11219.97
2030   3262.77271.02254.21291.87   297299.83306.42287.59274.18271.32274.18279.88
**** Load  :        93         Sgmnt:    1
YEAR BLK     1     2     3     4     5     6     7     8     9    10    11    12
2025   1     0     0     0     0     0     0     0     0     0     0     0     0
2025   2     0     0     0     0     0     0     0     0     0     0     0     0
2025   3     0     0     0     0     0     0     0     0     0     0     0     0
2026   1     0     0     0     0     0     0     0     0     0     0     0     0
2026   2     0     0     0     0     0     0     0     0     0     0     0     0
2026   3     0     0     0     0     0     0     0     0     0     0     0     0
2027   1     0     0     0     0     0     0     0     0     0     0     0     0
2027   2     0     0     0     0     0     0     0     0     0     0     0     0
2027   3     0     0     0     0     0     0     0     0     0     0     0     0
2028   1     0     0     0     0     0     0     0     0     0     0     0     0
2028   2     0     0     0     0     0     0     0     0     0     0     0     0
2028   3     0     0     0     0     0     0     0     0     0     0     0     0
2029   1     0     0     0     0     0     0     0     0     0     0     0     0
2029   2     0     0     0     0     0     0     0     0     0     0     0     0
2029   3     0     0     0     0     0     0     0     0     0     0     0     0
2030   1     0     0     0     0     0     0     0     0     0     0     0     0
2030   2     0     0     0     0     0     0     0     0     0     0     0     0
2030   3     0     0     0     0     0     0     0     0     0     0     0     0
**** Load  :        94         Sgmnt:    1
YEAR BLK     1     2     3     4     5     6     7     8     9    10    11    12
2025   1     0     0     0     0     0     0     0     0     0     0     0     0
2025   2     0     0     0     0     0     0     0     0     0     0     0     0
2025   3     0     0     0     0     0     0     0     0     0     0     0     0
2026   1     0     0     0     0     0     0     0     0     0     0     0     0
2026   2     0     0     0     0     0     0     0     0     0     0     0     0
2026   3     0     0     0     0     0     0     0     0     0     0     0     0
2027   1     0     0     0     0     0     0     0     0     0     0     0     0
2027   2     0     0     0     0     0     0     0     0     0     0     0     0
2027   3     0     0     0     0     0     0     0     0     0     0     0     0
2028   1     0     0     0     0     0     0     0     0     0     0     0     0
2028   2     0     0     0     0     0     0     0     0     0     0     0     0
2028   3     0     0     0     0     0     0     0     0     0     0     0     0
2029   1     0     0     0     0     0     0     0     0     0     0     0     0
2029   2     0     0     0     0     0     0     0     0     0     0     0     0
2029   3     0     0     0     0     0     0     0     0     0     0     0     0
2030   1     0     0     0     0     0     0     0     0     0     0     0     0
2030   2     0     0     0     0     0     0     0     0     0     0     0     0
2030   3     0     0     0     0     0     0     0     0     0     0     0     0
**** Load  :        95         Sgmnt:    1
YEAR BLK     1     2     3     4     5     6     7     8     9    10    11    12
2025   1     0     0     0     0     0     0     0     0     0     0     0     0
2025   2     0     0     0     0     0     0     0     0     0     0     0     0
2025   3     0     0     0     0     0     0     0     0     0     0     0     0
2026   1     0     0     0     0     0     0     0     0     0     0     0     0
2026   2     0     0     0     0     0     0     0     0     0     0     0     0
2026   3     0     0     0     0     0     0     0     0     0     0     0     0
2027   1     0     0     0     0     0     0     0     0     0     0     0     0
2027   2     0     0     0     0     0     0     0     0     0     0     0     0
2027   3     0     0     0     0     0     0     0     0     0     0     0     0
2028   1     0     0     0     0     0     0     0     0     0     0     0     0
2028   2     0     0     0     0     0     0     0     0     0     0     0     0
2028   3     0     0     0     0     0     0     0     0     0     0     0     0
2029   1     0     0     0     0     0     0     0     0     0     0     0     0
2029   2     0     0     0     0     0     0     0     0     0     0     0     0
2029   3     0     0     0     0     0     0     0     0     0     0     0     0
2030   1     0     0     0     0     0     0     0     0     0     0     0     0
2030   2     0     0     0     0     0     0     0     0     0     0     0     0
2030   3     0     0     0     0     0     0     0     0     0     0     0     0
**** Load  :       116         Sgmnt:    1
YEAR BLK     1     2     3     4     5     6     7     8     9    10    11    12
2025   1     0     0     0     0     0     0     0     0     0     0     0     0
2025   2     0     0     0     0     0     0     0     0     0     0     0     0
2025   3     0     0     0     0     0     0     0     0     0     0     0     0
2026   1     0     0     0     0     0     0     0     0     0     0     0     0
2026   2     0     0     0     0     0     0     0     0     0     0     0     0
2026   3     0     0     0     0     0     0     0     0     0     0     0     0
2027   1     0     0     0     0     0     0     0     0     0     0     0     0
2027   2     0     0     0     0     0     0     0     0     0     0     0     0
2027   3     0     0     0     0     0     0     0     0     0     0     0     0
2028   1     0     0     0     0     0     0     0     0     0     0     0     0
2028   2     0     0     0     0     0     0     0     0     0     0     0     0
2028   3     0     0     0     0     0     0     0     0     0     0     0     0
2029   1     0     0     0     0     0     0     0     0     0     0     0     0
2029   2     0     0     0     0     0     0     0     0     0     0     0     0
2029   3     0     0     0     0     0     0     0     0     0     0     0     0
2030   1     0     0     0     0     0     0     0     0     0     0     0     0
2030   2     0     0     0     0     0     0     0     0     0     0     0     0
2030   3     0     0     0     0     0     0     0     0     0     0     0     0
**** Load  :        22         Sgmnt:    1
YEAR BLK     1     2     3     4     5     6     7     8     9    10    11    12
2025   1 94.62 90.48 98.92    70 59.14 58.33 56.45 61.83 77.78 79.03 88.89 86.02
2025   2140.32139.29 141.4146.67 154.3153.33151.08157.53   150150.54138.89138.17
2025   3165.05170.24159.68183.33186.56188.33192.47180.65172.22170.43172.22175.81
2026   1 94.62 90.48 98.92    70 59.14 58.33 56.45 61.83 77.78 79.03 88.89 86.02
2026   2140.32139.29 141.4146.67 154.3153.33151.08157.53   150150.54138.89138.17
2026   3165.05170.24159.68183.33186.56188.33192.47180.65172.22170.43172.22175.81
2027   1 96.04 91.83100.41 71.05 60.03 59.21  57.3 62.76 78.94 80.22 90.22 87.31
2027   2142.43141.38143.52148.87156.62155.63153.34159.89152.25 152.8140.97140.24
2027   3167.53172.79162.07186.08189.36191.16195.36183.35174.81172.99174.81178.44
2028   1 97.49 93.21101.92 72.12 60.93  60.1 58.16  63.7 80.13 81.42 91.58 88.62
2028   2144.57 143.5145.68 151.1158.97157.97155.65162.29154.54155.09143.09142.35
2028   3170.05175.39164.51188.88 192.2194.03 198.3186.11177.43175.59177.43181.12
2029   1 98.95 94.62103.45  73.2 61.85    61 59.03 64.66 81.34 82.65 92.96 89.96
2029   2146.74145.66147.87153.38161.36160.35157.99164.73156.86157.42145.24144.49
2029   3 172.6178.03166.98191.72195.09196.95201.28188.91 180.1178.23 180.1183.85
2030   1100.42 96.02104.98 74.29 62.76 61.91 59.91 65.61 82.54 83.87 94.33 91.29
2030   2148.92147.82150.06155.65163.75162.73160.33167.18159.19159.76 147.4146.64
2030   3175.16180.67169.46194.56197.99199.87204.26191.71182.77180.87182.77186.57
**** Load  :        88         Sgmnt:    1
YEAR BLK     1     2     3     4     5     6     7     8     9    10    11    12
2025   1     0     0     0     0     0     0     0     0     0     0     0     0
2025   2     0     0     0     0     0     0     0     0     0     0     0     0
2025   3     0     0     0     0     0     0     0     0     0     0     0     0
2026   1     0     0     0     0     0     0     0     0     0     0     0     0
2026   2     0     0     0     0     0     0     0     0     0     0     0     0
2026   3     0     0     0     0     0     0     0     0     0     0     0     0
2027   1     0     0     0     0     0     0     0     0     0     0     0     0
2027   2     0     0     0     0     0     0     0     0     0     0     0     0
2027   3     0     0     0     0     0     0     0     0     0     0     0     0
2028   1     0     0     0     0     0     0     0     0     0     0     0     0
2028   2     0     0     0     0     0     0     0     0     0     0     0     0
2028   3     0     0     0     0     0     0     0     0     0     0     0     0
2029   1     0     0     0     0     0     0     0     0     0     0     0     0
2029   2     0     0     0     0     0     0     0     0     0     0     0     0
2029   3     0     0     0     0     0     0     0     0     0     0     0     0
2030   1     0     0     0     0     0     0     0     0     0     0     0     0
2030   2     0     0     0     0     0     0     0     0     0     0     0     0
2030   3     0     0     0     0     0     0     0     0     0     0     0     0
**** Load  :        89         Sgmnt:    1
YEAR BLK     1     2     3     4     5     6     7     8     9    10    11    12
2025   1     0     0     0     0     0     0     0     0     0     0     0     0
2025   2     0     0     0     0     0     0     0     0     0     0     0     0
2025   3     0     0     0     0     0     0     0     0     0     0     0     0
2026   1     0     0     0     0     0     0     0     0     0     0     0     0
2026   2     0     0     0     0     0     0     0     0     0     0     0     0
2026   3     0     0     0     0     0     0     0     0     0     0     0     0
2027   1     0     0     0     0     0     0     0     0     0     0     0     0
2027   2     0     0     0     0     0     0     0     0     0     0     0     0
2027   3     0     0     0     0     0     0     0     0     0     0     0     0
2028   1     0     0     0     0     0     0     0     0     0     0     0     0
2028   2     0     0     0     0     0     0     0     0     0     0     0     0
2028   3     0     0     0     0     0     0     0     0     0     0     0     0
2029   1     0     0     0     0     0     0     0     0     0     0     0     0
2029   2     0     0     0     0     0     0     0     0     0     0     0     0
2029   3     0     0     0     0     0     0     0     0     0     0     0     0
2030   1     0     0     0     0     0     0     0     0     0     0     0     0
2030   2     0     0     0     0     0     0     0     0     0     0     0     0
2030   3     0     0     0     0     0     0     0     0     0     0     0     0
**** Load  :        90         Sgmnt:    1
YEAR BLK     1     2     3     4     5     6     7     8     9    10    11    12
2025   1     0     0     0     0     0     0     0     0     0     0     0     0
2025   2     0     0     0     0     0     0     0     0     0     0     0     0
2025   3     0     0     0     0     0     0     0     0     0     0     0     0
2026   1     0     0     0     0     0     0     0     0     0     0     0     0
2026   2     0     0     0     0     0     0     0     0     0     0     0     0
2026   3     0     0     0     0     0     0     0     0     0     0     0     0
2027   1     0     0     0     0     0     0     0     0     0     0     0     0
2027   2     0     0     0     0     0     0     0     0     0     0     0     0
2027   3     0     0     0     0     0     0     0     0     0     0     0     0
2028   1     0     0     0     0     0     0     0     0     0     0     0     0
2028   2     0     0     0     0     0     0     0     0     0     0     0     0
2028   3     0     0     0     0     0     0     0     0     0     0     0     0
2029   1     0     0     0     0     0     0     0     0     0     0     0     0
2029   2     0     0     0     0     0     0     0     0     0     0     0     0
2029   3     0     0     0     0     0     0     0     0     0     0     0     0
2030   1     0     0     0     0     0     0     0     0     0     0     0     0
2030   2     0     0     0     0     0     0     0     0     0     0     0     0
2030   3     0     0     0     0     0     0     0     0     0     0     0     0
**** Load  :        91         Sgmnt:    1
YEAR BLK     1     2     3     4     5     6     7     8     9    10    11    12
2025   1     0     0     0     0     0     0     0     0     0     0     0     0
2025   2     0     0     0     0     0     0     0     0     0     0     0     0
2025   3     0     0     0     0     0     0     0     0     0     0     0     0
2026   1     0     0     0     0     0     0     0     0     0     0     0     0
2026   2     0     0     0     0     0     0     0     0     0     0     0     0
2026   3     0     0     0     0     0     0     0     0     0     0     0     0
2027   1     0     0     0     0     0     0     0     0     0     0     0     0
2027   2     0     0     0     0     0     0     0     0     0     0     0     0
2027   3     0     0     0     0     0     0     0     0     0     0     0     0
2028   1     0     0     0     0     0     0     0     0     0     0     0     0
2028   2     0     0     0     0     0     0     0     0     0     0     0     0
2028   3     0     0     0     0     0     0     0     0     0     0     0     0
2029   1     0     0     0     0     0     0     0     0     0     0     0     0
2029   2     0     0     0     0     0     0     0     0     0     0     0     0
2029   3     0     0     0     0     0     0     0     0     0     0     0     0
2030   1     0     0     0     0     0     0     0     0     0     0     0     0
2030   2     0     0     0     0     0     0     0     0     0     0     0     0
2030   3     0     0     0     0     0     0     0     0     0     0     0     0
**** Load  :        92         Sgmnt:    1
YEAR BLK     1     2     3     4     5     6     7     8     9    10    11    12
2025   1     0     0     0     0     0     0     0     0     0     0     0     0
2025   2     0     0     0     0     0     0     0     0     0     0     0     0
2025   3     0     0     0     0     0     0     0     0     0     0     0     0
2026   1     0     0     0     0     0     0     0     0     0     0     0     0
2026   2     0     0     0     0     0     0     0     0     0     0     0     0
2026   3     0     0     0     0     0     0     0     0     0     0     0     0
2027   1     0     0     0     0     0     0     0     0     0     0     0     0
2027   2     0     0     0     0     0     0     0     0     0     0     0     0
2027   3     0     0     0     0     0     0     0     0     0     0     0     0
2028   1     0     0     0     0     0     0     0     0     0     0     0     0
2028   2     0     0     0     0     0     0     0     0     0     0     0     0
2028   3     0     0     0     0     0     0     0     0     0     0     0     0
2029   1     0     0     0     0     0     0     0     0     0     0     0     0
2029   2     0     0     0     0     0     0     0     0     0     0     0     0
2029   3     0     0     0     0     0     0     0     0     0     0     0     0
2030   1     0     0     0     0     0     0     0     0     0     0     0     0
2030   2     0     0     0     0     0     0     0     0     0     0     0     0
2030   3     0     0     0     0     0     0     0     0     0     0     0     0
**** Load  :        96         Sgmnt:    1
YEAR BLK     1     2     3     4     5     6     7     8     9    10    11    12
2025   1     0     0     0     0     0     0     0     0     0     0     0     0
2025   2     0     0     0     0     0     0     0     0     0     0     0     0
2025   3     0     0     0     0     0     0     0     0     0     0     0     0
2026   1     0     0     0     0     0     0     0     0     0     0     0     0
2026   2     0     0     0     0     0     0     0     0     0     0     0     0
2026   3     0     0     0     0     0     0     0     0     0     0     0     0
2027   1     0     0     0     0     0     0     0     0     0     0     0     0
2027   2     0     0     0     0     0     0     0     0     0     0     0     0
2027   3     0     0     0     0     0     0     0     0     0     0     0     0
2028   1     0     0     0     0     0     0     0     0     0     0     0     0
2028   2     0     0     0     0     0     0     0     0     0     0     0     0
2028   3     0     0     0     0     0     0     0     0     0     0     0     0
2029   1     0     0     0     0     0     0     0     0     0     0     0     0
2029   2     0     0     0     0     0     0     0     0     0     0     0     0
2029   3     0     0     0     0     0     0     0     0     0     0     0     0
2030   1     0     0     0     0     0     0     0     0     0     0     0     0
2030   2     0     0     0     0     0     0     0     0     0     0     0     0
2030   3     0     0     0     0     0     0     0     0     0     0     0     0
**** Load  :        97         Sgmnt:    1
YEAR BLK     1     2     3     4     5     6     7     8     9    10    11    12
2025   1     0     0     0     0     0     0     0     0     0     0     0     0
2025   2     0     0     0     0     0     0     0     0     0     0     0     0
2025   3     0     0     0     0     0     0     0     0     0     0     0     0
2026   1     0     0     0     0     0     0     0     0     0     0     0     0
2026   2     0     0     0     0     0     0     0     0     0     0     0     0
2026   3     0     0     0     0     0     0     0     0     0     0     0     0
2027   1     0     0     0     0     0     0     0     0     0     0     0     0
2027   2     0     0     0     0     0     0     0     0     0     0     0     0
2027   3     0     0     0     0     0     0     0     0     0     0     0     0
2028   1     0     0     0     0     0     0     0     0     0     0     0     0
2028   2     0     0     0     0     0     0     0     0     0     0     0     0
2028   3     0     0     0     0     0     0     0     0     0     0     0     0
2029   1     0     0     0     0     0     0     0     0     0     0     0     0
2029   2     0     0     0     0     0     0     0     0     0     0     0     0
2029   3     0     0     0     0     0     0     0     0     0     0     0     0
2030   1     0     0     0     0     0     0     0     0     0     0     0     0
2030   2     0     0     0     0     0     0     0     0     0     0     0     0
2030   3     0     0     0     0     0     0     0     0     0     0     0     0
**** Load  :        98         Sgmnt:    1
YEAR BLK     1     2     3     4     5     6     7     8     9    10    11    12
2025   1     0     0     0     0     0     0     0     0     0     0     0     0
2025   2     0     0     0     0     0     0     0     0     0     0     0     0
2025   3     0     0     0     0     0     0     0     0     0     0     0     0
2026   1     0     0     0     0     0     0     0     0     0     0     0     0
2026   2     0     0     0     0     0     0     0     0     0     0     0     0
2026   3     0     0     0     0     0     0     0     0     0     0     0     0
2027   1     0     0     0     0     0     0     0     0     0     0     0     0
2027   2     0     0     0     0     0     0     0     0     0     0     0     0
2027   3     0     0     0     0     0     0     0     0     0     0     0     0
2028   1     0     0     0     0     0     0     0     0     0     0     0     0
2028   2     0     0     0     0     0     0     0     0     0     0     0     0
2028   3     0     0     0     0     0     0     0     0     0     0     0     0
2029   1     0     0     0     0     0     0     0     0     0     0     0     0
2029   2     0     0     0     0     0     0     0     0     0     0     0     0
2029   3     0     0     0     0     0     0     0     0     0     0     0     0
2030   1     0     0     0     0     0     0     0     0     0     0     0     0
2030   2     0     0     0     0     0     0     0     0     0     0     0     0
2030   3     0     0     0     0     0     0     0     0     0     0     0     0
**** Load  :        99         Sgmnt:    1
YEAR BLK     1     2     3     4     5     6     7     8     9    10    11    12
2025   1     0     0     0     0     0     0     0     0     0     0     0     0
2025   2     0     0     0     0     0     0     0     0     0     0     0     0
2025   3     0     0     0     0     0     0     0     0     0     0     0     0
2026   1     0     0     0     0     0     0     0     0     0     0     0     0
2026   2     0     0     0     0     0     0     0     0     0     0     0     0
2026   3     0     0     0     0     0     0     0     0     0     0     0     0
2027   1     0     0     0     0     0     0     0     0     0     0     0     0
2027   2     0     0     0     0     0     0     0     0     0     0     0     0
2027   3     0     0     0     0     0     0     0     0     0     0     0     0
2028   1     0     0     0     0     0     0     0     0     0     0     0     0
2028   2     0     0     0     0     0     0     0     0     0     0     0     0
2028   3     0     0     0     0     0     0     0     0     0     0     0     0
2029   1     0     0     0     0     0     0     0     0     0     0     0     0
2029   2     0     0     0     0     0     0     0     0     0     0     0     0
2029   3     0     0     0     0     0     0     0     0     0     0     0     0
2030   1     0     0     0     0     0     0     0     0     0     0     0     0
2030   2     0     0     0     0     0     0     0     0     0     0     0     0
2030   3     0     0     0     0     0     0     0     0     0     0     0     0
**** Load  :       100         Sgmnt:    1
YEAR BLK     1     2     3     4     5     6     7     8     9    10    11    12
2025   1     0     0     0     0     0     0     0     0     0     0     0     0
2025   2     0     0     0     0     0     0     0     0     0     0     0     0
2025   3     0     0     0     0     0     0     0     0     0     0     0     0
2026   1     0     0     0     0     0     0     0     0     0     0     0     0
2026   2     0     0     0     0     0     0     0     0     0     0     0     0
2026   3     0     0     0     0     0     0     0     0     0     0     0     0
2027   1     0     0     0     0     0     0     0     0     0     0     0     0
2027   2     0     0     0     0     0     0     0     0     0     0     0     0
2027   3     0     0     0     0     0     0     0     0     0     0     0     0
2028   1     0     0     0     0     0     0     0     0     0     0     0     0
2028   2     0     0     0     0     0     0     0     0     0     0     0     0
2028   3     0     0     0     0     0     0     0     0     0     0     0     0
2029   1     0     0     0     0     0     0     0     0     0     0     0     0
2029   2     0     0     0     0     0     0     0     0     0     0     0     0
2029   3     0     0     0     0     0     0     0     0     0     0     0     0
2030   1     0     0     0     0     0     0     0     0     0     0     0     0
2030   2     0     0     0     0     0     0     0     0     0     0     0     0
2030   3     0     0     0     0     0     0     0     0     0     0     0     0
**** Load  :       101         Sgmnt:    1
YEAR BLK     1     2     3     4     5     6     7     8     9    10    11    12
2025   1     0     0     0     0     0     0     0     0     0     0     0     0
2025   2     0     0     0     0     0     0     0     0     0     0     0     0
2025   3     0     0     0     0     0     0     0     0     0     0     0     0
2026   1     0     0     0     0     0     0     0     0     0     0     0     0
2026   2     0     0     0     0     0     0     0     0     0     0     0     0
2026   3     0     0     0     0     0     0     0     0     0     0     0     0
2027   1     0     0     0     0     0     0     0     0     0     0     0     0
2027   2     0     0     0     0     0     0     0     0     0     0     0     0
2027   3     0     0     0     0     0     0     0     0     0     0     0     0
2028   1     0     0     0     0     0     0     0     0     0     0     0     0
2028   2     0     0     0     0     0     0     0     0     0     0     0     0
2028   3     0     0     0     0     0     0     0     0     0     0     0     0
2029   1     0     0     0     0     0     0     0     0     0     0     0     0
2029   2     0     0     0     0     0     0     0     0     0     0     0     0
2029   3     0     0     0     0     0     0     0     0     0     0     0     0
2030   1     0     0     0     0     0     0     0     0     0     0     0     0
2030   2     0     0     0     0     0     0     0     0     0     0     0     0
2030   3     0     0     0     0     0     0     0     0     0     0     0     0
**** Load  :       102         Sgmnt:    1
YEAR BLK     1     2     3     4     5     6     7     8     9    10    11    12
2025   1     0     0     0     0     0     0     0     0     0     0     0     0
2025   2     0     0     0     0     0     0     0     0     0     0     0     0
2025   3     0     0     0     0     0     0     0     0     0     0     0     0
2026   1     0     0     0     0     0     0     0     0     0     0     0     0
2026   2     0     0     0     0     0     0     0     0     0     0     0     0
2026   3     0     0     0     0     0     0     0     0     0     0     0     0
2027   1     0     0     0     0     0     0     0     0     0     0     0     0
2027   2     0     0     0     0     0     0     0     0     0     0     0     0
2027   3     0     0     0     0     0     0     0     0     0     0     0     0
2028   1     0     0     0     0     0     0     0     0     0     0     0     0
2028   2     0     0     0     0     0     0     0     0     0     0     0     0
2028   3     0     0     0     0     0     0     0     0     0     0     0     0
2029   1     0     0     0     0     0     0     0     0     0     0     0     0
2029   2     0     0     0     0     0     0     0     0     0     0     0     0
2029   3     0     0     0     0     0     0     0     0     0     0     0     0
2030   1     0     0     0     0     0     0     0     0     0     0     0     0
2030   2     0     0     0     0     0     0     0     0     0     0     0     0
2030   3     0     0     0     0     0     0     0     0     0     0     0     0
**** Load  :        23         Sgmnt:    1
YEAR BLK     1     2     3     4     5     6     7     8     9    10    11    12
2025   1567.74542.86593.55   420354.84   350338.71370.97466.67474.19533.33516.13
2025   2841.94835.71848.39   880925.81   920906.45945.16   900903.23833.33829.03
2025   3990.321021.4958.06  11001119.3  11301154.81083.91033.31022.61033.31054.8
2026   1567.74542.86593.55   420354.84   350338.71370.97466.67474.19533.33516.13
2026   2841.94835.71848.39   880925.81   920906.45945.16   900903.23833.33829.03
2026   3990.321021.4958.06  11001119.3  11301154.81083.91033.31022.61033.31054.8
2027   1618.84591.71646.97 457.8386.77 381.5369.19404.35508.67516.87581.33562.58
2027   2917.71910.93924.74 959.21009.11002.8988.031030.2   981984.52908.33903.65
2027   31079.51113.41044.3  11991220.11231.71258.81181.41126.31114.61126.31149.8
2028   1674.52644.96705.18   499421.58415.83402.42440.74554.44563.38633.64 613.2
2028   21000.3 992.9  10081045.51099.9  10931076.91122.91069.31073.1990.07984.96
2028   31176.61213.51138.31306.91329.91342.5  13721287.71227.71214.91227.71253.2
2029   1735.25703.02768.67543.92459.53453.26438.64480.42604.35 614.1690.69668.41
2029   21090.31082.31098.71139.6  11991191.41173.9  12241165.51169.71079.21073.6
2029   31282.51322.81240.71424.51449.61463.41495.61403.71338.21324.31338.21366.1
2030   1801.42766.29837.84592.87500.88494.05478.12523.65658.74669.36752.84728.56
2030   21188.51179.71197.61242.21306.81298.71279.51334.21270.4  12751176.31170.2
2030   31397.91441.81352.41552.71580.11595.11630.2  15301458.61443.51458.6  1489
**** Load  :        24         Sgmnt:    1
YEAR BLK     1     2     3     4     5     6     7     8     9    10    11    12
2025   1118.28 113.1123.66  87.5 73.92 72.92 70.56 77.28 97.22 98.79111.11107.53
2025   2 175.4174.11176.75183.33192.88191.67188.84196.91 187.5188.17173.61172.72
2025   3206.32 212.8 199.6229.17 233.2235.42240.59225.81215.28213.04215.28219.76
2026   1118.28 113.1123.66  87.5 73.92 72.92 70.56 77.28 97.22 98.79111.11107.53
2026   2 175.4174.11176.75183.33192.88191.67188.84196.91 187.5188.17173.61172.72
2026   3206.32 212.8 199.6229.17 233.2235.42240.59225.81215.28213.04215.28219.76
2027   1120.65115.36126.13 89.25  75.4 74.38 71.98 78.83 99.17100.77113.33109.68
2027   2178.91177.59180.28   187196.73 195.5192.62200.85191.25191.94177.08176.17
2027   3210.44217.05203.59233.75237.86240.13 245.4230.32219.58 217.3219.58224.15
2028   1123.06117.66128.65 91.04 76.91 75.86 73.42 80.41101.15102.78 115.6111.87
2028   2182.49181.14183.89190.74200.67199.41196.47204.86195.08195.77180.63179.69
2028   3214.65221.39207.66238.43242.62244.93250.31234.93223.98221.64223.98228.64
2029   1125.52120.02131.22 92.86 78.45 77.38 74.88 82.01103.17104.84117.91114.11
2029   2186.14184.76187.56194.55204.68 203.4 200.4208.96198.98199.69184.24183.29
2029   3218.94225.82211.81243.19247.47249.82255.32239.63228.45226.08228.45233.21
2030   1128.03122.41133.85 94.71 80.02 78.93 76.38 83.65105.23106.93120.27116.39
2030   2189.86188.45191.31198.44208.77207.46 204.4213.13202.95203.68187.92186.95
2030   3223.32230.33216.04248.05252.41254.82260.42244.41233.02230.59233.02237.87
**** Load  :        84         Sgmnt:    1
YEAR BLK     1     2     3     4     5     6     7     8     9    10    11    12
2025   1     0     0     0     0     0     0     0     0     0     0     0     0
2025   2     0     0     0     0     0     0     0     0     0     0     0     0
2025   3     0     0     0     0     0     0     0     0     0     0     0     0
2026   1     0     0     0     0     0     0     0     0     0     0     0     0
2026   2     0     0     0     0     0     0     0     0     0     0     0     0
2026   3     0     0     0     0     0     0     0     0     0     0     0     0
2027   1     0     0     0     0     0     0     0     0     0     0     0     0
2027   2     0     0     0     0     0     0     0     0     0     0     0     0
2027   3     0     0     0     0     0     0     0     0     0     0     0     0
2028   1     0     0     0     0     0     0     0     0     0     0     0     0
2028   2     0     0     0     0     0     0     0     0     0     0     0     0
2028   3     0     0     0     0     0     0     0     0     0     0     0     0
2029   1     0     0     0     0     0     0     0     0     0     0     0     0
2029   2     0     0     0     0     0     0     0     0     0     0     0     0
2029   3     0     0     0     0     0     0     0     0     0     0     0     0
2030   1     0     0     0     0     0     0     0     0     0     0     0     0
2030   2     0     0     0     0     0     0     0     0     0     0     0     0
2030   3     0     0     0     0     0     0     0     0     0     0     0     0
**** Load  :        87         Sgmnt:    1
YEAR BLK     1     2     3     4     5     6     7     8     9    10    11    12
2025   1     0     0     0     0     0     0     0     0     0     0     0     0
2025   2     0     0     0     0     0     0     0     0     0     0     0     0
2025   3     0     0     0     0     0     0     0     0     0     0     0     0
2026   1     0     0     0     0     0     0     0     0     0     0     0     0
2026   2     0     0     0     0     0     0     0     0     0     0     0     0
2026   3     0     0     0     0     0     0     0     0     0     0     0     0
2027   1     0     0     0     0     0     0     0     0     0     0     0     0
2027   2     0     0     0     0     0     0     0     0     0     0     0     0
2027   3     0     0     0     0     0     0     0     0     0     0     0     0
2028   1     0     0     0     0     0     0     0     0     0     0     0     0
2028   2     0     0     0     0     0     0     0     0     0     0     0     0
2028   3     0     0     0     0     0     0     0     0     0     0     0     0
2029   1     0     0     0     0     0     0     0     0     0     0     0     0
2029   2     0     0     0     0     0     0     0     0     0     0     0     0
2029   3     0     0     0     0     0     0     0     0     0     0     0     0
2030   1     0     0     0     0     0     0     0     0     0     0     0     0
2030   2     0     0     0     0     0     0     0     0     0     0     0     0
2030   3     0     0     0     0     0     0     0     0     0     0     0     0
**** Load  :       109         Sgmnt:    1
YEAR BLK     1     2     3     4     5     6     7     8     9    10    11    12
2025   1     0     0     0     0     0     0     0     0     0     0     0     0
2025   2     0     0     0     0     0     0     0     0     0     0     0     0
2025   3     0     0     0     0     0     0     0     0     0     0     0     0
2026   1     0     0     0     0     0     0     0     0     0     0     0     0
2026   2     0     0     0     0     0     0     0     0     0     0     0     0
2026   3     0     0     0     0     0     0     0     0     0     0     0     0
2027   1     0     0     0     0     0     0     0     0     0     0     0     0
2027   2     0     0     0     0     0     0     0     0     0     0     0     0
2027   3     0     0     0     0     0     0     0     0     0     0     0     0
2028   1     0     0     0     0     0     0     0     0     0     0     0     0
2028   2     0     0     0     0     0     0     0     0     0     0     0     0
2028   3     0     0     0     0     0     0     0     0     0     0     0     0
2029   1     0     0     0     0     0     0     0     0     0     0     0     0
2029   2     0     0     0     0     0     0     0     0     0     0     0     0
2029   3     0     0     0     0     0     0     0     0     0     0     0     0
2030   1     0     0     0     0     0     0     0     0     0     0     0     0
2030   2     0     0     0     0     0     0     0     0     0     0     0     0
2030   3     0     0     0     0     0     0     0     0     0     0     0     0
**** Load  :       112         Sgmnt:    1
YEAR BLK     1     2     3     4     5     6     7     8     9    10    11    12
2025   1     0     0     0     0     0     0     0     0     0     0     0     0
2025   2     0     0     0     0     0     0     0     0     0     0     0     0
2025   3     0     0     0     0     0     0     0     0     0     0     0     0
2026   1     0     0     0     0     0     0     0     0     0     0     0     0
2026   2     0     0     0     0     0     0     0     0     0     0     0     0
2026   3     0     0     0     0     0     0     0     0     0     0     0     0
2027   1     0     0     0     0     0     0     0     0     0     0     0     0
2027   2     0     0     0     0     0     0     0     0     0     0     0     0
2027   3     0     0     0     0     0     0     0     0     0     0     0     0
2028   1     0     0     0     0     0     0     0     0     0     0     0     0
2028   2     0     0     0     0     0     0     0     0     0     0     0     0
2028   3     0     0     0     0     0     0     0     0     0     0     0     0
2029   1     0     0     0     0     0     0     0     0     0     0     0     0
2029   2     0     0     0     0     0     0     0     0     0     0     0     0
2029   3     0     0     0     0     0     0     0     0     0     0     0     0
2030   1     0     0     0     0     0     0     0     0     0     0     0     0
2030   2     0     0     0     0     0     0     0     0     0     0     0     0
2030   3     0     0     0     0     0     0     0     0     0     0     0     0
**** Load  :       113         Sgmnt:    1
YEAR BLK     1     2     3     4     5     6     7     8     9    10    11    12
2025   1     0     0     0     0     0     0     0     0 20.72 27.13     0  25.9
2025   2     0     0     0     0     0     0     0     0 43.41 70.79     0     0
2025   3     0     0     0     0     0     0     0     0 54.26 85.58     0 74.86
2026   1     0     0     0     0     0     0     0     0 20.72 27.13     0  25.9
2026   2     0     0     0     0     0     0     0     0 43.41 70.79     0     0
2026   3     0     0     0     0     0     0     0     0 54.26 85.58     0 74.86
2027   1     0     0     0     0     0     0     0     0 20.72 27.13     0  25.9
2027   2     0     0     0     0     0     0     0     0 43.41 70.79     0     0
2027   3     0     0     0     0     0     0     0     0 54.26 85.58     0 74.86
2028   1     0     0     0     0     0     0     0     0 20.72 27.13     0  25.9
2028   2     0     0     0     0     0     0     0     0 43.41 70.79     0     0
2028   3     0     0     0     0     0     0     0     0 54.26 85.58     0 74.86
2029   1     0     0     0     0     0     0     0     0 20.72 27.13     0  25.9
2029   2     0     0     0     0     0     0     0     0 43.41 70.79     0     0
2029   3     0     0     0     0     0     0     0     0 54.26 85.58     0 74.86
2030   1     0     0     0     0     0     0     0     0 20.72 27.13     0  25.9
2030   2     0     0     0     0     0     0     0     0 43.41 70.79     0     0
2030   3     0     0     0     0     0     0     0     0 54.26 85.58     0 74.86
**** Load  :       115         Sgmnt:    1
YEAR BLK     1     2     3     4     5     6     7     8     9    10    11    12
2025   1     0     0     0     0     0     0     0     0     0     0     0     0
2025   2     0     0     0     0     0     0     0     0     0     0     0     0
2025   3     0     0     0     0     0     0     0     0     0     0     0     0
2026   1     0     0     0     0     0     0     0     0     0     0     0     0
2026   2     0     0     0     0     0     0     0     0     0     0     0     0
2026   3     0     0     0     0     0     0     0     0     0     0     0     0
2027   1     0     0     0     0     0     0     0     0     0     0     0     0
2027   2     0     0     0     0     0     0     0     0     0     0     0     0
2027   3     0     0     0     0     0     0     0     0     0     0     0     0
2028   1     0     0     0     0     0     0     0     0     0     0     0     0
2028   2     0     0     0     0     0     0     0     0     0     0     0     0
2028   3     0     0     0     0     0     0     0     0     0     0     0     0
2029   1     0     0     0     0     0     0     0     0     0     0     0     0
2029   2     0     0     0     0     0     0     0     0     0     0     0     0
2029   3     0     0     0     0     0     0     0     0     0     0     0     0
2030   1     0     0     0     0     0     0     0     0     0     0     0     0
2030   2     0     0     0     0     0     0     0     0     0     0     0     0
2030   3     0     0     0     0     0     0     0     0     0     0     0     0
**** Load  :        25         Sgmnt:    1
YEAR BLK     1     2     3     4     5     6     7     8     9    10    11    12
2025   1189.25180.95197.85   140118.28116.67 112.9123.66155.56158.06177.78172.04
2025   2280.65278.57 282.8293.33 308.6306.67302.15315.05   300301.08277.78276.34
2025   3330.11340.48319.35366.67373.12376.67384.95361.29344.44340.86344.44351.61
2026   1189.25180.95197.85   140118.28116.67 112.9123.66155.56158.06177.78172.04
2026   2280.65278.57 282.8293.33 308.6306.67302.15315.05   300301.08277.78276.34
2026   3330.11340.48319.35366.67373.12376.67384.95361.29344.44340.86344.44351.61
2027   1192.09183.67200.82 142.1120.05118.42 114.6125.51157.89160.44180.44174.62
2027   2284.85282.75287.04297.73313.23311.27306.68319.78 304.5305.59281.94280.49
2027   3335.06345.58324.15372.17378.72382.32390.72366.71349.61345.97349.61356.89
2028   1194.97186.43203.83144.24121.86 120.2116.32 127.4160.26162.85183.16177.25
2028   2289.13   287291.35302.21317.94315.94311.29324.58309.08310.18286.18 284.7
2028   3340.09350.78329.02377.76384.41388.06396.59372.22354.86351.17354.86362.25
2029   1197.88189.21206.88146.39123.68121.99118.05 129.3162.65165.28185.89179.89
2029   2293.45291.28 295.7306.72322.68320.66315.94329.43313.69314.81290.45288.95
2029   3345.17356.01333.93 383.4390.14393.85402.51377.77360.16356.41360.16367.66
2030   1200.86192.06209.99148.59125.54123.83119.83131.25 165.1167.77188.69 182.6
2030   2297.87295.67300.15311.34327.54325.49 320.7334.39318.41319.55294.83 293.3
2030   3350.37361.37338.96389.17396.02399.78408.57383.46365.58361.78365.58373.19
**** Load  :       114         Sgmnt:    1
YEAR BLK     1     2     3     4     5     6     7     8     9    10    11    12
2025   1     0     0     0     0     0 32.31 75.84261.79211.87184.96122.23108.65
2025   2     0     0     0     0     0 47.91116.75323.17392.69389.78321.29290.77
2025   3     0     0     0     0     0 56.35 142.7364.95490.86471.27394.63370.44
2026   1     0     0     0     0     0 32.31 75.84261.79211.87184.96122.23108.65
2026   2     0     0     0     0     0 47.91116.75323.17392.69389.78321.29290.77
2026   3     0     0     0     0     0 56.35 142.7364.95490.86471.27394.63370.44
2027   1     0     0     0     0     0 32.31 75.84261.79211.87184.96122.23108.65
2027   2     0     0     0     0     0 47.91116.75323.17392.69389.78321.29290.77
2027   3     0     0     0     0     0 56.35 142.7364.95490.86471.27394.63370.44
2028   1     0     0     0     0     0 32.31 75.84261.79211.87184.96122.23108.65
2028   2     0     0     0     0     0 47.91116.75323.17392.69389.78321.29290.77
2028   3     0     0     0     0     0 56.35 142.7364.95490.86471.27394.63370.44
2029   1     0     0     0     0     0 32.31 75.84261.79211.87184.96122.23108.65
2029   2     0     0     0     0     0 47.91116.75323.17392.69389.78321.29290.77
2029   3     0     0     0     0     0 56.35 142.7364.95490.86471.27394.63370.44
2030   1     0     0     0     0     0 32.31 75.84261.79211.87184.96122.23108.65
2030   2     0     0     0     0     0 47.91116.75323.17392.69389.78321.29290.77
2030   3     0     0     0     0     0 56.35 142.7364.95490.86471.27394.63370.44
**** Load  :        26         Sgmnt:    1
YEAR BLK     1     2     3     4     5     6     7     8     9    10    11    12
2025   1283.87271.43296.77   210177.42   175169.35185.48233.33 237.1266.67258.06
2025   2420.97417.86424.19   440 462.9   460453.23472.58   450451.61416.67414.52
2025   3495.16510.71479.03   550559.68   565577.42541.94516.67511.29516.67527.42
2026   1283.87271.43296.77   210177.42   175169.35185.48233.33 237.1266.67258.06
2026   2420.97417.86424.19   440 462.9   460453.23472.58   450451.61416.67414.52
2026   3495.16510.71479.03   550559.68   565577.42541.94516.67511.29516.67527.42
2027   1295.23282.29308.65 218.4184.52   182176.13 192.9242.67246.58277.33268.39
2027   2437.81434.57441.16 457.6481.42 478.4471.35491.48   468469.68433.33 431.1
2027   3514.97531.14498.19   572582.06 587.6600.52563.61537.33531.74537.33548.52
2028   1307.03293.57320.99227.13191.89189.28183.17200.62252.37256.44288.42279.12
2028   2455.31451.95 458.8 475.9500.67497.53 490.2511.14486.71488.46450.66448.33
2028   3535.56552.38518.11594.87605.34611.09624.53586.15558.82   553558.82570.45
2029   1319.31305.31333.82236.22199.57196.85 190.5208.64262.46266.69299.96290.28
2029   2473.52470.02477.15494.93520.69517.42 509.8531.57506.18507.99468.68466.26
2029   3556.97574.47538.83618.66629.54635.53 649.5609.59581.16575.12581.16593.26
2030   1332.08317.53347.18245.67207.55204.72198.12216.99272.96277.36311.96301.89
2030   2492.46488.82496.24514.73541.52538.12 530.2552.84526.43528.31487.43484.91
2030   3579.26597.45560.39643.41654.73660.96675.48633.97604.41598.12604.41616.99
**** Load  :        85         Sgmnt:    1
YEAR BLK     1     2     3     4     5     6     7     8     9    10    11    12
2025   1     0     0     0     0     0     0     0     0     0     0     0     0
2025   2     0     0     0     0     0     0     0     0     0     0     0     0
2025   3     0     0     0     0     0     0     0     0     0     0     0     0
2026   1     0     0     0     0     0     0     0     0     0     0     0     0
2026   2     0     0     0     0     0     0     0     0     0     0     0     0
2026   3     0     0     0     0     0     0     0     0     0     0     0     0
2027   1     0     0     0     0     0     0     0     0     0     0     0     0
2027   2     0     0     0     0     0     0     0     0     0     0     0     0
2027   3     0     0     0     0     0     0     0     0     0     0     0     0
2028   1     0     0     0     0     0     0     0     0     0     0     0     0
2028   2     0     0     0     0     0     0     0     0     0     0     0     0
2028   3     0     0     0     0     0     0     0     0     0     0     0     0
2029   1     0     0     0     0     0     0     0     0     0     0     0     0
2029   2     0     0     0     0     0     0     0     0     0     0     0     0
2029   3     0     0     0     0     0     0     0     0     0     0     0     0
2030   1     0     0     0     0     0     0     0     0     0     0     0     0
2030   2     0     0     0     0     0     0     0     0     0     0     0     0
2030   3     0     0     0     0     0     0     0     0     0     0     0     0
**** Load  :        86         Sgmnt:    1
YEAR BLK     1     2     3     4     5     6     7     8     9    10    11    12
2025   1     0     0     0     0     0     0     0     0     0     0     0     0
2025   2     0     0     0     0     0     0     0     0     0     0     0     0
2025   3     0     0     0     0     0     0     0     0     0     0     0     0
2026   1     0     0     0     0     0     0     0     0     0     0     0     0
2026   2     0     0     0     0     0     0     0     0     0     0     0     0
2026   3     0     0     0     0     0     0     0     0     0     0     0     0
2027   1     0     0     0     0     0     0     0     0     0     0     0     0
2027   2     0     0     0     0     0     0     0     0     0     0     0     0
2027   3     0     0     0     0     0     0     0     0     0     0     0     0
2028   1     0     0     0     0     0     0     0     0     0     0     0     0
2028   2     0     0     0     0     0     0     0     0     0     0     0     0
2028   3     0     0     0     0     0     0     0     0     0     0     0     0
2029   1     0     0     0     0     0     0     0     0     0     0     0     0
2029   2     0     0     0     0     0     0     0     0     0     0     0     0
2029   3     0     0     0     0     0     0     0     0     0     0     0     0
2030   1     0     0     0     0     0     0     0     0     0     0     0     0
2030   2     0     0     0     0     0     0     0     0     0     0     0     0
2030   3     0     0     0     0     0     0     0     0     0     0     0     0
**** Load  :       111         Sgmnt:    1
YEAR BLK     1     2     3     4     5     6     7     8     9    10    11    12
2025   1 10.41     0     0     0     0     0     0     0     0     0     0     0
2025   2 26.53     0     0     0     0     0     0     0     0     0     0     0
2025   3 30.42     0     0     0     0     0     0     0     0     0     0     0
2026   1 10.41     0     0     0     0     0     0     0     0     0     0     0
2026   2 26.53     0     0     0     0     0     0     0     0     0     0     0
2026   3 30.42     0     0     0     0     0     0     0     0     0     0     0
2027   1 10.41     0     0     0     0     0     0     0     0     0     0     0
2027   2 26.53     0     0     0     0     0     0     0     0     0     0     0
2027   3 30.42     0     0     0     0     0     0     0     0     0     0     0
2028   1 10.41     0     0     0     0     0     0     0     0     0     0     0
2028   2 26.53     0     0     0     0     0     0     0     0     0     0     0
2028   3 30.42     0     0     0     0     0     0     0     0     0     0     0
2029   1 10.41     0     0     0     0     0     0     0     0     0     0     0
2029   2 26.53     0     0     0     0     0     0     0     0     0     0     0
2029   3 30.42     0     0     0     0     0     0     0     0     0     0     0
2030   1 10.41     0     0     0     0     0     0     0     0     0     0     0
2030   2 26.53     0     0     0     0     0     0     0     0     0     0     0
2030   3 30.42     0     0     0     0     0     0     0     0     0     0     0
**** Load  :       130         Sgmnt:    1
YEAR BLK     1     2     3     4     5     6     7     8     9    10    11    12
2025   1     0     0     0     0     0     0 147.1     0365.82212.91 10.56101.62
2025   2     0     0     0     0     0     0226.46     0766.48 555.5     0271.94
2025   3     0     0     0     0     0     0276.78     0638.73671.63     0346.46
2026   1     0     0     0     0     0     0 147.1     0365.82212.91 10.56101.62
2026   2     0     0     0     0     0     0226.46     0766.48 555.5     0271.94
2026   3     0     0     0     0     0     0276.78     0638.73671.63     0346.46
2027   1     0     0     0     0     0     0 147.1     0365.82212.91 10.56101.62
2027   2     0     0     0     0     0     0226.46     0766.48 555.5     0271.94
2027   3     0     0     0     0     0     0276.78     0638.73671.63     0346.46
2028   1     0     0     0     0     0     0 147.1     0365.82212.91 10.56101.62
2028   2     0     0     0     0     0     0226.46     0766.48 555.5     0271.94
2028   3     0     0     0     0     0     0276.78     0638.73671.63     0346.46
2029   1     0     0     0     0     0     0 147.1     0365.82212.91 10.56101.62
2029   2     0     0     0     0     0     0226.46     0766.48 555.5     0271.94
2029   3     0     0     0     0     0     0276.78     0638.73671.63     0346.46
2030   1     0     0     0     0     0     0 147.1     0365.82212.91 10.56101.62
2030   2     0     0     0     0     0     0226.46     0766.48 555.5     0271.94
2030   3     0     0     0     0     0     0276.78     0638.73671.63     0346.46
