!Year,Month,Hour,LoadLevel
0,1,1,2
0,1,2,3
0,1,3,3
0,1,4,3
0,1,5,3
0,1,6,3
0,1,7,3
0,1,8,3
0,1,9,3
0,1,10,3
0,1,11,3
0,1,12,3
0,1,13,3
0,1,14,3
0,1,15,3
0,1,16,3
0,1,17,3
0,1,18,3
0,1,19,2
0,1,20,2
0,1,21,2
0,1,22,2
0,1,23,2
0,1,24,2
0,1,25,2
0,1,26,3
0,1,27,3
0,1,28,3
0,1,29,3
0,1,30,3
0,1,31,3
0,1,32,3
0,1,33,2
0,1,34,2
0,1,35,2
0,1,36,2
0,1,37,2
0,1,38,2
0,1,39,2
0,1,40,1
0,1,41,1
0,1,42,1
0,1,43,1
0,1,44,1
0,1,45,1
0,1,46,1
0,1,47,1
0,1,48,2
0,1,49,2
0,1,50,3
0,1,51,3
0,1,52,3
0,1,53,3
0,1,54,3
0,1,55,3
0,1,56,3
0,1,57,2
0,1,58,2
0,1,59,2
0,1,60,2
0,1,61,2
0,1,62,2
0,1,63,2
0,1,64,1
0,1,65,1
0,1,66,1
0,1,67,1
0,1,68,1
0,1,69,1
0,1,70,1
0,1,71,1
0,1,72,2
0,1,73,2
0,1,74,3
0,1,75,3
0,1,76,3
0,1,77,3
0,1,78,3
0,1,79,3
0,1,80,3
0,1,81,2
0,1,82,2
0,1,83,2
0,1,84,2
0,1,85,2
0,1,86,2
0,1,87,2
0,1,88,1
0,1,89,1
0,1,90,1
0,1,91,1
0,1,92,1
0,1,93,1
0,1,94,1
0,1,95,1
0,1,96,2
0,1,97,2
0,1,98,3
0,1,99,3
0,1,100,3
0,1,101,3
0,1,102,3
0,1,103,3
0,1,104,3
0,1,105,2
0,1,106,2
0,1,107,2
0,1,108,2
0,1,109,2
0,1,110,2
0,1,111,2
0,1,112,1
0,1,113,1
0,1,114,1
0,1,115,1
0,1,116,1
0,1,117,1
0,1,118,1
0,1,119,1
0,1,120,2
0,1,121,2
0,1,122,3
0,1,123,3
0,1,124,3
0,1,125,3
0,1,126,3
0,1,127,3
0,1,128,3
0,1,129,2
0,1,130,2
0,1,131,2
0,1,132,2
0,1,133,2
0,1,134,2
0,1,135,2
0,1,136,1
0,1,137,1
0,1,138,1
0,1,139,1
0,1,140,1
0,1,141,1
0,1,142,1
0,1,143,1
0,1,144,2
0,1,145,2
0,1,146,3
0,1,147,3
0,1,148,3
0,1,149,3
0,1,150,3
0,1,151,3
0,1,152,3
0,1,153,3
0,1,154,3
0,1,155,3
0,1,156,3
0,1,157,3
0,1,158,3
0,1,159,3
0,1,160,3
0,1,161,3
0,1,162,3
0,1,163,2
0,1,164,2
0,1,165,2
0,1,166,2
0,1,167,2
0,1,168,2
0,1,169,2
0,1,170,3
0,1,171,3
0,1,172,3
0,1,173,3
0,1,174,3
0,1,175,3
0,1,176,3
0,1,177,3
0,1,178,3
0,1,179,3
0,1,180,3
0,1,181,3
0,1,182,3
0,1,183,3
0,1,184,3
0,1,185,3
0,1,186,3
0,1,187,2
0,1,188,2
0,1,189,2
0,1,190,2
0,1,191,2
0,1,192,2
0,1,193,2
0,1,194,3
0,1,195,3
0,1,196,3
0,1,197,3
0,1,198,3
0,1,199,3
0,1,200,3
0,1,201,2
0,1,202,2
0,1,203,2
0,1,204,2
0,1,205,2
0,1,206,2
0,1,207,2
0,1,208,1
0,1,209,1
0,1,210,1
0,1,211,1
0,1,212,1
0,1,213,1
0,1,214,1
0,1,215,1
0,1,216,2
0,1,217,2
0,1,218,3
0,1,219,3
0,1,220,3
0,1,221,3
0,1,222,3
0,1,223,3
0,1,224,3
0,1,225,2
0,1,226,2
0,1,227,2
0,1,228,2
0,1,229,2
0,1,230,2
0,1,231,2
0,1,232,1
0,1,233,1
0,1,234,1
0,1,235,1
0,1,236,1
0,1,237,1
0,1,238,1
0,1,239,1
0,1,240,2
0,1,241,2
0,1,242,3
0,1,243,3
0,1,244,3
0,1,245,3
0,1,246,3
0,1,247,3
0,1,248,3
0,1,249,2
0,1,250,2
0,1,251,2
0,1,252,2
0,1,253,2
0,1,254,2
0,1,255,2
0,1,256,1
0,1,257,1
0,1,258,1
0,1,259,1
0,1,260,1
0,1,261,1
0,1,262,1
0,1,263,1
0,1,264,2
0,1,265,2
0,1,266,3
0,1,267,3
0,1,268,3
0,1,269,3
0,1,270,3
0,1,271,3
0,1,272,3
0,1,273,2
0,1,274,2
0,1,275,2
0,1,276,2
0,1,277,2
0,1,278,2
0,1,279,2
0,1,280,1
0,1,281,1
0,1,282,1
0,1,283,1
0,1,284,1
0,1,285,1
0,1,286,1
0,1,287,1
0,1,288,2
0,1,289,2
0,1,290,3
0,1,291,3
0,1,292,3
0,1,293,3
0,1,294,3
0,1,295,3
0,1,296,3
0,1,297,2
0,1,298,2
0,1,299,2
0,1,300,2
0,1,301,2
0,1,302,2
0,1,303,2
0,1,304,1
0,1,305,1
0,1,306,1
0,1,307,1
0,1,308,1
0,1,309,1
0,1,310,1
0,1,311,1
0,1,312,2
0,1,313,2
0,1,314,3
0,1,315,3
0,1,316,3
0,1,317,3
0,1,318,3
0,1,319,3
0,1,320,3
0,1,321,3
0,1,322,3
0,1,323,3
0,1,324,3
0,1,325,3
0,1,326,3
0,1,327,3
0,1,328,3
0,1,329,3
0,1,330,3
0,1,331,2
0,1,332,2
0,1,333,2
0,1,334,2
0,1,335,2
0,1,336,2
0,1,337,2
0,1,338,3
0,1,339,3
0,1,340,3
0,1,341,3
0,1,342,3
0,1,343,3
0,1,344,3
0,1,345,3
0,1,346,3
0,1,347,3
0,1,348,3
0,1,349,3
0,1,350,3
0,1,351,3
0,1,352,3
0,1,353,3
0,1,354,3
0,1,355,2
0,1,356,2
0,1,357,2
0,1,358,2
0,1,359,2
0,1,360,2
0,1,361,2
0,1,362,3
0,1,363,3
0,1,364,3
0,1,365,3
0,1,366,3
0,1,367,3
0,1,368,3
0,1,369,2
0,1,370,2
0,1,371,2
0,1,372,2
0,1,373,2
0,1,374,2
0,1,375,2
0,1,376,1
0,1,377,1
0,1,378,1
0,1,379,1
0,1,380,1
0,1,381,1
0,1,382,1
0,1,383,1
0,1,384,2
0,1,385,2
0,1,386,3
0,1,387,3
0,1,388,3
0,1,389,3
0,1,390,3
0,1,391,3
0,1,392,3
0,1,393,2
0,1,394,2
0,1,395,2
0,1,396,2
0,1,397,2
0,1,398,2
0,1,399,2
0,1,400,1
0,1,401,1
0,1,402,1
0,1,403,1
0,1,404,1
0,1,405,1
0,1,406,1
0,1,407,1
0,1,408,2
0,1,409,2
0,1,410,3
0,1,411,3
0,1,412,3
0,1,413,3
0,1,414,3
0,1,415,3
0,1,416,3
0,1,417,2
0,1,418,2
0,1,419,2
0,1,420,2
0,1,421,2
0,1,422,2
0,1,423,2
0,1,424,1
0,1,425,1
0,1,426,1
0,1,427,1
0,1,428,1
0,1,429,1
0,1,430,1
0,1,431,1
0,1,432,2
0,1,433,2
0,1,434,3
0,1,435,3
0,1,436,3
0,1,437,3
0,1,438,3
0,1,439,3
0,1,440,3
0,1,441,2
0,1,442,2
0,1,443,2
0,1,444,2
0,1,445,2
0,1,446,2
0,1,447,2
0,1,448,1
0,1,449,1
0,1,450,1
0,1,451,1
0,1,452,1
0,1,453,1
0,1,454,1
0,1,455,1
0,1,456,2
0,1,457,2
0,1,458,3
0,1,459,3
0,1,460,3
0,1,461,3
0,1,462,3
0,1,463,3
0,1,464,3
0,1,465,2
0,1,466,2
0,1,467,2
0,1,468,2
0,1,469,2
0,1,470,2
0,1,471,2
0,1,472,1
0,1,473,1
0,1,474,1
0,1,475,1
0,1,476,1
0,1,477,1
0,1,478,1
0,1,479,1
0,1,480,2
0,1,481,2
0,1,482,3
0,1,483,3
0,1,484,3
0,1,485,3
0,1,486,3
0,1,487,3
0,1,488,3
0,1,489,3
0,1,490,3
0,1,491,3
0,1,492,3
0,1,493,3
0,1,494,3
0,1,495,3
0,1,496,3
0,1,497,3
0,1,498,3
0,1,499,2
0,1,500,2
0,1,501,2
0,1,502,2
0,1,503,2
0,1,504,2
0,1,505,2
0,1,506,3
0,1,507,3
0,1,508,3
0,1,509,3
0,1,510,3
0,1,511,3
0,1,512,3
0,1,513,3
0,1,514,3
0,1,515,3
0,1,516,3
0,1,517,3
0,1,518,3
0,1,519,3
0,1,520,3
0,1,521,3
0,1,522,3
0,1,523,2
0,1,524,2
0,1,525,2
0,1,526,2
0,1,527,2
0,1,528,2
0,1,529,2
0,1,530,3
0,1,531,3
0,1,532,3
0,1,533,3
0,1,534,3
0,1,535,3
0,1,536,3
0,1,537,2
0,1,538,2
0,1,539,2
0,1,540,2
0,1,541,2
0,1,542,2
0,1,543,2
0,1,544,1
0,1,545,1
0,1,546,1
0,1,547,1
0,1,548,1
0,1,549,1
0,1,550,1
0,1,551,1
0,1,552,2
0,1,553,2
0,1,554,3
0,1,555,3
0,1,556,3
0,1,557,3
0,1,558,3
0,1,559,3
0,1,560,3
0,1,561,2
0,1,562,2
0,1,563,2
0,1,564,2
0,1,565,2
0,1,566,2
0,1,567,2
0,1,568,1
0,1,569,1
0,1,570,1
0,1,571,1
0,1,572,1
0,1,573,1
0,1,574,1
0,1,575,1
0,1,576,2
0,1,577,2
0,1,578,3
0,1,579,3
0,1,580,3
0,1,581,3
0,1,582,3
0,1,583,3
0,1,584,3
0,1,585,2
0,1,586,2
0,1,587,2
0,1,588,2
0,1,589,2
0,1,590,2
0,1,591,2
0,1,592,1
0,1,593,1
0,1,594,1
0,1,595,1
0,1,596,1
0,1,597,1
0,1,598,1
0,1,599,1
0,1,600,2
0,1,601,2
0,1,602,3
0,1,603,3
0,1,604,3
0,1,605,3
0,1,606,3
0,1,607,3
0,1,608,3
0,1,609,2
0,1,610,2
0,1,611,2
0,1,612,2
0,1,613,2
0,1,614,2
0,1,615,2
0,1,616,1
0,1,617,1
0,1,618,1
0,1,619,1
0,1,620,1
0,1,621,1
0,1,622,1
0,1,623,1
0,1,624,2
0,1,625,2
0,1,626,3
0,1,627,3
0,1,628,3
0,1,629,3
0,1,630,3
0,1,631,3
0,1,632,3
0,1,633,2
0,1,634,2
0,1,635,2
0,1,636,2
0,1,637,2
0,1,638,2
0,1,639,2
0,1,640,1
0,1,641,1
0,1,642,1
0,1,643,1
0,1,644,1
0,1,645,1
0,1,646,1
0,1,647,1
0,1,648,2
0,1,649,2
0,1,650,3
0,1,651,3
0,1,652,3
0,1,653,3
0,1,654,3
0,1,655,3
0,1,656,3
0,1,657,3
0,1,658,3
0,1,659,3
0,1,660,3
0,1,661,3
0,1,662,3
0,1,663,3
0,1,664,3
0,1,665,3
0,1,666,3
0,1,667,2
0,1,668,2
0,1,669,2
0,1,670,2
0,1,671,2
0,1,672,2
0,1,673,2
0,1,674,3
0,1,675,3
0,1,676,3
0,1,677,3
0,1,678,3
0,1,679,3
0,1,680,3
0,1,681,3
0,1,682,3
0,1,683,3
0,1,684,3
0,1,685,3
0,1,686,3
0,1,687,3
0,1,688,3
0,1,689,3
0,1,690,3
0,1,691,2
0,1,692,2
0,1,693,2
0,1,694,2
0,1,695,2
0,1,696,2
0,1,697,2
0,1,698,3
0,1,699,3
0,1,700,3
0,1,701,3
0,1,702,3
0,1,703,3
0,1,704,3
0,1,705,2
0,1,706,2
0,1,707,2
0,1,708,2
0,1,709,2
0,1,710,2
0,1,711,2
0,1,712,1
0,1,713,1
0,1,714,1
0,1,715,1
0,1,716,1
0,1,717,1
0,1,718,1
0,1,719,1
0,1,720,2
0,1,721,2
0,1,722,3
0,1,723,3
0,1,724,3
0,1,725,3
0,1,726,3
0,1,727,3
0,1,728,3
0,1,729,2
0,1,730,2
0,1,731,2
0,1,732,2
0,1,733,2
0,1,734,2
0,1,735,2
0,1,736,1
0,1,737,1
0,1,738,1
0,1,739,1
0,1,740,1
0,1,741,1
0,1,742,1
0,1,743,1
0,1,744,2
0,2,1,2
0,2,2,3
0,2,3,3
0,2,4,3
0,2,5,3
0,2,6,3
0,2,7,3
0,2,8,3
0,2,9,2
0,2,10,2
0,2,11,2
0,2,12,2
0,2,13,2
0,2,14,2
0,2,15,2
0,2,16,1
0,2,17,1
0,2,18,1
0,2,19,1
0,2,20,1
0,2,21,1
0,2,22,1
0,2,23,1
0,2,24,2
0,2,25,2
0,2,26,3
0,2,27,3
0,2,28,3
0,2,29,3
0,2,30,3
0,2,31,3
0,2,32,3
0,2,33,2
0,2,34,2
0,2,35,2
0,2,36,2
0,2,37,2
0,2,38,2
0,2,39,2
0,2,40,1
0,2,41,1
0,2,42,1
0,2,43,1
0,2,44,1
0,2,45,1
0,2,46,1
0,2,47,1
0,2,48,2
0,2,49,2
0,2,50,3
0,2,51,3
0,2,52,3
0,2,53,3
0,2,54,3
0,2,55,3
0,2,56,3
0,2,57,2
0,2,58,2
0,2,59,2
0,2,60,2
0,2,61,2
0,2,62,2
0,2,63,2
0,2,64,1
0,2,65,1
0,2,66,1
0,2,67,1
0,2,68,1
0,2,69,1
0,2,70,1
0,2,71,1
0,2,72,2
0,2,73,2
0,2,74,3
0,2,75,3
0,2,76,3
0,2,77,3
0,2,78,3
0,2,79,3
0,2,80,3
0,2,81,3
0,2,82,3
0,2,83,3
0,2,84,3
0,2,85,3
0,2,86,3
0,2,87,3
0,2,88,3
0,2,89,3
0,2,90,3
0,2,91,2
0,2,92,2
0,2,93,2
0,2,94,2
0,2,95,2
0,2,96,2
0,2,97,2
0,2,98,3
0,2,99,3
0,2,100,3
0,2,101,3
0,2,102,3
0,2,103,3
0,2,104,3
0,2,105,3
0,2,106,3
0,2,107,3
0,2,108,3
0,2,109,3
0,2,110,3
0,2,111,3
0,2,112,3
0,2,113,3
0,2,114,3
0,2,115,2
0,2,116,2
0,2,117,2
0,2,118,2
0,2,119,2
0,2,120,2
0,2,121,2
0,2,122,3
0,2,123,3
0,2,124,3
0,2,125,3
0,2,126,3
0,2,127,3
0,2,128,3
0,2,129,2
0,2,130,2
0,2,131,2
0,2,132,2
0,2,133,2
0,2,134,2
0,2,135,2
0,2,136,1
0,2,137,1
0,2,138,1
0,2,139,1
0,2,140,1
0,2,141,1
0,2,142,1
0,2,143,1
0,2,144,2
0,2,145,2
0,2,146,3
0,2,147,3
0,2,148,3
0,2,149,3
0,2,150,3
0,2,151,3
0,2,152,3
0,2,153,2
0,2,154,2
0,2,155,2
0,2,156,2
0,2,157,2
0,2,158,2
0,2,159,2
0,2,160,1
0,2,161,1
0,2,162,1
0,2,163,1
0,2,164,1
0,2,165,1
0,2,166,1
0,2,167,1
0,2,168,2
0,2,169,2
0,2,170,3
0,2,171,3
0,2,172,3
0,2,173,3
0,2,174,3
0,2,175,3
0,2,176,3
0,2,177,2
0,2,178,2
0,2,179,2
0,2,180,2
0,2,181,2
0,2,182,2
0,2,183,2
0,2,184,1
0,2,185,1
0,2,186,1
0,2,187,1
0,2,188,1
0,2,189,1
0,2,190,1
0,2,191,1
0,2,192,2
0,2,193,2
0,2,194,3
0,2,195,3
0,2,196,3
0,2,197,3
0,2,198,3
0,2,199,3
0,2,200,3
0,2,201,2
0,2,202,2
0,2,203,2
0,2,204,2
0,2,205,2
0,2,206,2
0,2,207,2
0,2,208,1
0,2,209,1
0,2,210,1
0,2,211,1
0,2,212,1
0,2,213,1
0,2,214,1
0,2,215,1
0,2,216,2
0,2,217,2
0,2,218,3
0,2,219,3
0,2,220,3
0,2,221,3
0,2,222,3
0,2,223,3
0,2,224,3
0,2,225,2
0,2,226,2
0,2,227,2
0,2,228,2
0,2,229,2
0,2,230,2
0,2,231,2
0,2,232,1
0,2,233,1
0,2,234,1
0,2,235,1
0,2,236,1
0,2,237,1
0,2,238,1
0,2,239,1
0,2,240,2
0,2,241,2
0,2,242,3
0,2,243,3
0,2,244,3
0,2,245,3
0,2,246,3
0,2,247,3
0,2,248,3
0,2,249,3
0,2,250,3
0,2,251,3
0,2,252,3
0,2,253,3
0,2,254,3
0,2,255,3
0,2,256,3
0,2,257,3
0,2,258,3
0,2,259,2
0,2,260,2
0,2,261,2
0,2,262,2
0,2,263,2
0,2,264,2
0,2,265,2
0,2,266,3
0,2,267,3
0,2,268,3
0,2,269,3
0,2,270,3
0,2,271,3
0,2,272,3
0,2,273,3
0,2,274,3
0,2,275,3
0,2,276,3
0,2,277,3
0,2,278,3
0,2,279,3
0,2,280,3
0,2,281,3
0,2,282,3
0,2,283,2
0,2,284,2
0,2,285,2
0,2,286,2
0,2,287,2
0,2,288,2
0,2,289,2
0,2,290,3
0,2,291,3
0,2,292,3
0,2,293,3
0,2,294,3
0,2,295,3
0,2,296,3
0,2,297,2
0,2,298,2
0,2,299,2
0,2,300,2
0,2,301,2
0,2,302,2
0,2,303,2
0,2,304,1
0,2,305,1
0,2,306,1
0,2,307,1
0,2,308,1
0,2,309,1
0,2,310,1
0,2,311,1
0,2,312,2
0,2,313,2
0,2,314,3
0,2,315,3
0,2,316,3
0,2,317,3
0,2,318,3
0,2,319,3
0,2,320,3
0,2,321,2
0,2,322,2
0,2,323,2
0,2,324,2
0,2,325,2
0,2,326,2
0,2,327,2
0,2,328,1
0,2,329,1
0,2,330,1
0,2,331,1
0,2,332,1
0,2,333,1
0,2,334,1
0,2,335,1
0,2,336,2
0,2,337,2
0,2,338,3
0,2,339,3
0,2,340,3
0,2,341,3
0,2,342,3
0,2,343,3
0,2,344,3
0,2,345,2
0,2,346,2
0,2,347,2
0,2,348,2
0,2,349,2
0,2,350,2
0,2,351,2
0,2,352,1
0,2,353,1
0,2,354,1
0,2,355,1
0,2,356,1
0,2,357,1
0,2,358,1
0,2,359,1
0,2,360,2
0,2,361,2
0,2,362,3
0,2,363,3
0,2,364,3
0,2,365,3
0,2,366,3
0,2,367,3
0,2,368,3
0,2,369,2
0,2,370,2
0,2,371,2
0,2,372,2
0,2,373,2
0,2,374,2
0,2,375,2
0,2,376,1
0,2,377,1
0,2,378,1
0,2,379,1
0,2,380,1
0,2,381,1
0,2,382,1
0,2,383,1
0,2,384,2
0,2,385,2
0,2,386,3
0,2,387,3
0,2,388,3
0,2,389,3
0,2,390,3
0,2,391,3
0,2,392,3
0,2,393,2
0,2,394,2
0,2,395,2
0,2,396,2
0,2,397,2
0,2,398,2
0,2,399,2
0,2,400,1
0,2,401,1
0,2,402,1
0,2,403,1
0,2,404,1
0,2,405,1
0,2,406,1
0,2,407,1
0,2,408,2
0,2,409,2
0,2,410,3
0,2,411,3
0,2,412,3
0,2,413,3
0,2,414,3
0,2,415,3
0,2,416,3
0,2,417,3
0,2,418,3
0,2,419,3
0,2,420,3
0,2,421,3
0,2,422,3
0,2,423,3
0,2,424,3
0,2,425,3
0,2,426,3
0,2,427,2
0,2,428,2
0,2,429,2
0,2,430,2
0,2,431,2
0,2,432,2
0,2,433,2
0,2,434,3
0,2,435,3
0,2,436,3
0,2,437,3
0,2,438,3
0,2,439,3
0,2,440,3
0,2,441,3
0,2,442,3
0,2,443,3
0,2,444,3
0,2,445,3
0,2,446,3
0,2,447,3
0,2,448,3
0,2,449,3
0,2,450,3
0,2,451,2
0,2,452,2
0,2,453,2
0,2,454,2
0,2,455,2
0,2,456,2
0,2,457,2
0,2,458,3
0,2,459,3
0,2,460,3
0,2,461,3
0,2,462,3
0,2,463,3
0,2,464,3
0,2,465,2
0,2,466,2
0,2,467,2
0,2,468,2
0,2,469,2
0,2,470,2
0,2,471,2
0,2,472,1
0,2,473,1
0,2,474,1
0,2,475,1
0,2,476,1
0,2,477,1
0,2,478,1
0,2,479,1
0,2,480,2
0,2,481,2
0,2,482,3
0,2,483,3
0,2,484,3
0,2,485,3
0,2,486,3
0,2,487,3
0,2,488,3
0,2,489,3
0,2,490,3
0,2,491,3
0,2,492,3
0,2,493,3
0,2,494,3
0,2,495,3
0,2,496,3
0,2,497,3
0,2,498,3
0,2,499,2
0,2,500,2
0,2,501,2
0,2,502,2
0,2,503,2
0,2,504,2
0,2,505,2
0,2,506,3
0,2,507,3
0,2,508,3
0,2,509,3
0,2,510,3
0,2,511,3
0,2,512,3
0,2,513,2
0,2,514,2
0,2,515,2
0,2,516,2
0,2,517,2
0,2,518,2
0,2,519,2
0,2,520,1
0,2,521,1
0,2,522,1
0,2,523,1
0,2,524,1
0,2,525,1
0,2,526,1
0,2,527,1
0,2,528,2
0,2,529,2
0,2,530,3
0,2,531,3
0,2,532,3
0,2,533,3
0,2,534,3
0,2,535,3
0,2,536,3
0,2,537,2
0,2,538,2
0,2,539,2
0,2,540,2
0,2,541,2
0,2,542,2
0,2,543,2
0,2,544,1
0,2,545,1
0,2,546,1
0,2,547,1
0,2,548,1
0,2,549,1
0,2,550,1
0,2,551,1
0,2,552,2
0,2,553,2
0,2,554,3
0,2,555,3
0,2,556,3
0,2,557,3
0,2,558,3
0,2,559,3
0,2,560,3
0,2,561,2
0,2,562,2
0,2,563,2
0,2,564,2
0,2,565,2
0,2,566,2
0,2,567,2
0,2,568,1
0,2,569,1
0,2,570,1
0,2,571,1
0,2,572,1
0,2,573,1
0,2,574,1
0,2,575,1
0,2,576,2
0,2,577,2
0,2,578,3
0,2,579,3
0,2,580,3
0,2,581,3
0,2,582,3
0,2,583,3
0,2,584,3
0,2,585,3
0,2,586,3
0,2,587,3
0,2,588,3
0,2,589,3
0,2,590,3
0,2,591,3
0,2,592,3
0,2,593,3
0,2,594,3
0,2,595,2
0,2,596,2
0,2,597,2
0,2,598,2
0,2,599,2
0,2,600,2
0,2,601,2
0,2,602,3
0,2,603,3
0,2,604,3
0,2,605,3
0,2,606,3
0,2,607,3
0,2,608,3
0,2,609,3
0,2,610,3
0,2,611,3
0,2,612,3
0,2,613,3
0,2,614,3
0,2,615,3
0,2,616,3
0,2,617,3
0,2,618,3
0,2,619,2
0,2,620,2
0,2,621,2
0,2,622,2
0,2,623,2
0,2,624,2
0,2,625,2
0,2,626,3
0,2,627,3
0,2,628,3
0,2,629,3
0,2,630,3
0,2,631,3
0,2,632,3
0,2,633,2
0,2,634,2
0,2,635,2
0,2,636,2
0,2,637,2
0,2,638,2
0,2,639,2
0,2,640,1
0,2,641,1
0,2,642,1
0,2,643,1
0,2,644,1
0,2,645,1
0,2,646,1
0,2,647,1
0,2,648,2
0,2,649,2
0,2,650,3
0,2,651,3
0,2,652,3
0,2,653,3
0,2,654,3
0,2,655,3
0,2,656,3
0,2,657,2
0,2,658,2
0,2,659,2
0,2,660,2
0,2,661,2
0,2,662,2
0,2,663,2
0,2,664,1
0,2,665,1
0,2,666,1
0,2,667,1
0,2,668,1
0,2,669,1
0,2,670,1
0,2,671,1
0,2,672,2
0,3,1,2
0,3,2,3
0,3,3,3
0,3,4,3
0,3,5,3
0,3,6,3
0,3,7,3
0,3,8,3
0,3,9,2
0,3,10,2
0,3,11,2
0,3,12,2
0,3,13,2
0,3,14,2
0,3,15,2
0,3,16,1
0,3,17,1
0,3,18,1
0,3,19,1
0,3,20,1
0,3,21,1
0,3,22,1
0,3,23,1
0,3,24,2
0,3,25,2
0,3,26,3
0,3,27,3
0,3,28,3
0,3,29,3
0,3,30,3
0,3,31,3
0,3,32,3
0,3,33,2
0,3,34,2
0,3,35,2
0,3,36,2
0,3,37,2
0,3,38,2
0,3,39,2
0,3,40,1
0,3,41,1
0,3,42,1
0,3,43,1
0,3,44,1
0,3,45,1
0,3,46,1
0,3,47,1
0,3,48,2
0,3,49,2
0,3,50,3
0,3,51,3
0,3,52,3
0,3,53,3
0,3,54,3
0,3,55,3
0,3,56,3
0,3,57,2
0,3,58,2
0,3,59,2
0,3,60,2
0,3,61,2
0,3,62,2
0,3,63,2
0,3,64,1
0,3,65,1
0,3,66,1
0,3,67,1
0,3,68,1
0,3,69,1
0,3,70,1
0,3,71,1
0,3,72,2
0,3,73,2
0,3,74,3
0,3,75,3
0,3,76,3
0,3,77,3
0,3,78,3
0,3,79,3
0,3,80,3
0,3,81,3
0,3,82,3
0,3,83,3
0,3,84,3
0,3,85,3
0,3,86,3
0,3,87,3
0,3,88,3
0,3,89,3
0,3,90,3
0,3,91,2
0,3,92,2
0,3,93,2
0,3,94,2
0,3,95,2
0,3,96,2
0,3,97,2
0,3,98,3
0,3,99,3
0,3,100,3
0,3,101,3
0,3,102,3
0,3,103,3
0,3,104,3
0,3,105,3
0,3,106,3
0,3,107,3
0,3,108,3
0,3,109,3
0,3,110,3
0,3,111,3
0,3,112,3
0,3,113,3
0,3,114,3
0,3,115,2
0,3,116,2
0,3,117,2
0,3,118,2
0,3,119,2
0,3,120,2
0,3,121,2
0,3,122,3
0,3,123,3
0,3,124,3
0,3,125,3
0,3,126,3
0,3,127,3
0,3,128,3
0,3,129,2
0,3,130,2
0,3,131,2
0,3,132,2
0,3,133,2
0,3,134,2
0,3,135,2
0,3,136,1
0,3,137,1
0,3,138,1
0,3,139,1
0,3,140,1
0,3,141,1
0,3,142,1
0,3,143,1
0,3,144,2
0,3,145,2
0,3,146,3
0,3,147,3
0,3,148,3
0,3,149,3
0,3,150,3
0,3,151,3
0,3,152,3
0,3,153,2
0,3,154,2
0,3,155,2
0,3,156,2
0,3,157,2
0,3,158,2
0,3,159,2
0,3,160,1
0,3,161,1
0,3,162,1
0,3,163,1
0,3,164,1
0,3,165,1
0,3,166,1
0,3,167,1
0,3,168,2
0,3,169,2
0,3,170,3
0,3,171,3
0,3,172,3
0,3,173,3
0,3,174,3
0,3,175,3
0,3,176,3
0,3,177,2
0,3,178,2
0,3,179,2
0,3,180,2
0,3,181,2
0,3,182,2
0,3,183,2
0,3,184,1
0,3,185,1
0,3,186,1
0,3,187,1
0,3,188,1
0,3,189,1
0,3,190,1
0,3,191,1
0,3,192,2
0,3,193,2
0,3,194,3
0,3,195,3
0,3,196,3
0,3,197,3
0,3,198,3
0,3,199,3
0,3,200,3
0,3,201,2
0,3,202,2
0,3,203,2
0,3,204,2
0,3,205,2
0,3,206,2
0,3,207,2
0,3,208,1
0,3,209,1
0,3,210,1
0,3,211,1
0,3,212,1
0,3,213,1
0,3,214,1
0,3,215,1
0,3,216,2
0,3,217,2
0,3,218,3
0,3,219,3
0,3,220,3
0,3,221,3
0,3,222,3
0,3,223,3
0,3,224,3
0,3,225,2
0,3,226,2
0,3,227,2
0,3,228,2
0,3,229,2
0,3,230,2
0,3,231,2
0,3,232,1
0,3,233,1
0,3,234,1
0,3,235,1
0,3,236,1
0,3,237,1
0,3,238,1
0,3,239,1
0,3,240,2
0,3,241,2
0,3,242,3
0,3,243,3
0,3,244,3
0,3,245,3
0,3,246,3
0,3,247,3
0,3,248,3
0,3,249,3
0,3,250,3
0,3,251,3
0,3,252,3
0,3,253,3
0,3,254,3
0,3,255,3
0,3,256,3
0,3,257,3
0,3,258,3
0,3,259,2
0,3,260,2
0,3,261,2
0,3,262,2
0,3,263,2
0,3,264,2
0,3,265,2
0,3,266,3
0,3,267,3
0,3,268,3
0,3,269,3
0,3,270,3
0,3,271,3
0,3,272,3
0,3,273,3
0,3,274,3
0,3,275,3
0,3,276,3
0,3,277,3
0,3,278,3
0,3,279,3
0,3,280,3
0,3,281,3
0,3,282,3
0,3,283,2
0,3,284,2
0,3,285,2
0,3,286,2
0,3,287,2
0,3,288,2
0,3,289,2
0,3,290,3
0,3,291,3
0,3,292,3
0,3,293,3
0,3,294,3
0,3,295,3
0,3,296,3
0,3,297,2
0,3,298,2
0,3,299,2
0,3,300,2
0,3,301,2
0,3,302,2
0,3,303,2
0,3,304,1
0,3,305,1
0,3,306,1
0,3,307,1
0,3,308,1
0,3,309,1
0,3,310,1
0,3,311,1
0,3,312,2
0,3,313,2
0,3,314,3
0,3,315,3
0,3,316,3
0,3,317,3
0,3,318,3
0,3,319,3
0,3,320,3
0,3,321,2
0,3,322,2
0,3,323,2
0,3,324,2
0,3,325,2
0,3,326,2
0,3,327,2
0,3,328,1
0,3,329,1
0,3,330,1
0,3,331,1
0,3,332,1
0,3,333,1
0,3,334,1
0,3,335,1
0,3,336,2
0,3,337,2
0,3,338,3
0,3,339,3
0,3,340,3
0,3,341,3
0,3,342,3
0,3,343,3
0,3,344,3
0,3,345,2
0,3,346,2
0,3,347,2
0,3,348,2
0,3,349,2
0,3,350,2
0,3,351,2
0,3,352,1
0,3,353,1
0,3,354,1
0,3,355,1
0,3,356,1
0,3,357,1
0,3,358,1
0,3,359,1
0,3,360,2
0,3,361,2
0,3,362,3
0,3,363,3
0,3,364,3
0,3,365,3
0,3,366,3
0,3,367,3
0,3,368,3
0,3,369,2
0,3,370,2
0,3,371,2
0,3,372,2
0,3,373,2
0,3,374,2
0,3,375,2
0,3,376,1
0,3,377,1
0,3,378,1
0,3,379,1
0,3,380,1
0,3,381,1
0,3,382,1
0,3,383,1
0,3,384,2
0,3,385,2
0,3,386,3
0,3,387,3
0,3,388,3
0,3,389,3
0,3,390,3
0,3,391,3
0,3,392,3
0,3,393,2
0,3,394,2
0,3,395,2
0,3,396,2
0,3,397,2
0,3,398,2
0,3,399,2
0,3,400,1
0,3,401,1
0,3,402,1
0,3,403,1
0,3,404,1
0,3,405,1
0,3,406,1
0,3,407,1
0,3,408,2
0,3,409,2
0,3,410,3
0,3,411,3
0,3,412,3
0,3,413,3
0,3,414,3
0,3,415,3
0,3,416,3
0,3,417,3
0,3,418,3
0,3,419,3
0,3,420,3
0,3,421,3
0,3,422,3
0,3,423,3
0,3,424,3
0,3,425,3
0,3,426,3
0,3,427,2
0,3,428,2
0,3,429,2
0,3,430,2
0,3,431,2
0,3,432,2
0,3,433,2
0,3,434,3
0,3,435,3
0,3,436,3
0,3,437,3
0,3,438,3
0,3,439,3
0,3,440,3
0,3,441,3
0,3,442,3
0,3,443,3
0,3,444,3
0,3,445,3
0,3,446,3
0,3,447,3
0,3,448,3
0,3,449,3
0,3,450,3
0,3,451,2
0,3,452,2
0,3,453,2
0,3,454,2
0,3,455,2
0,3,456,2
0,3,457,2
0,3,458,3
0,3,459,3
0,3,460,3
0,3,461,3
0,3,462,3
0,3,463,3
0,3,464,3
0,3,465,2
0,3,466,2
0,3,467,2
0,3,468,2
0,3,469,2
0,3,470,2
0,3,471,2
0,3,472,1
0,3,473,1
0,3,474,1
0,3,475,1
0,3,476,1
0,3,477,1
0,3,478,1
0,3,479,1
0,3,480,2
0,3,481,2
0,3,482,3
0,3,483,3
0,3,484,3
0,3,485,3
0,3,486,3
0,3,487,3
0,3,488,3
0,3,489,2
0,3,490,2
0,3,491,2
0,3,492,2
0,3,493,2
0,3,494,2
0,3,495,2
0,3,496,1
0,3,497,1
0,3,498,1
0,3,499,1
0,3,500,1
0,3,501,1
0,3,502,1
0,3,503,1
0,3,504,2
0,3,505,2
0,3,506,3
0,3,507,3
0,3,508,3
0,3,509,3
0,3,510,3
0,3,511,3
0,3,512,3
0,3,513,2
0,3,514,2
0,3,515,2
0,3,516,2
0,3,517,2
0,3,518,2
0,3,519,2
0,3,520,1
0,3,521,1
0,3,522,1
0,3,523,1
0,3,524,1
0,3,525,1
0,3,526,1
0,3,527,1
0,3,528,2
0,3,529,2
0,3,530,3
0,3,531,3
0,3,532,3
0,3,533,3
0,3,534,3
0,3,535,3
0,3,536,3
0,3,537,2
0,3,538,2
0,3,539,2
0,3,540,2
0,3,541,2
0,3,542,2
0,3,543,2
0,3,544,1
0,3,545,1
0,3,546,1
0,3,547,1
0,3,548,1
0,3,549,1
0,3,550,1
0,3,551,1
0,3,552,2
0,3,553,2
0,3,554,3
0,3,555,3
0,3,556,3
0,3,557,3
0,3,558,3
0,3,559,3
0,3,560,3
0,3,561,2
0,3,562,2
0,3,563,2
0,3,564,2
0,3,565,2
0,3,566,2
0,3,567,2
0,3,568,1
0,3,569,1
0,3,570,1
0,3,571,1
0,3,572,1
0,3,573,1
0,3,574,1
0,3,575,1
0,3,576,2
0,3,577,2
0,3,578,3
0,3,579,3
0,3,580,3
0,3,581,3
0,3,582,3
0,3,583,3
0,3,584,3
0,3,585,3
0,3,586,3
0,3,587,3
0,3,588,3
0,3,589,3
0,3,590,3
0,3,591,3
0,3,592,3
0,3,593,3
0,3,594,3
0,3,595,2
0,3,596,2
0,3,597,2
0,3,598,2
0,3,599,2
0,3,600,2
0,3,601,2
0,3,602,3
0,3,603,3
0,3,604,3
0,3,605,3
0,3,606,3
0,3,607,3
0,3,608,3
0,3,609,3
0,3,610,3
0,3,611,3
0,3,612,3
0,3,613,3
0,3,614,3
0,3,615,3
0,3,616,3
0,3,617,3
0,3,618,3
0,3,619,2
0,3,620,2
0,3,621,2
0,3,622,2
0,3,623,2
0,3,624,2
0,3,625,2
0,3,626,3
0,3,627,3
0,3,628,3
0,3,629,3
0,3,630,3
0,3,631,3
0,3,632,3
0,3,633,2
0,3,634,2
0,3,635,2
0,3,636,2
0,3,637,2
0,3,638,2
0,3,639,2
0,3,640,1
0,3,641,1
0,3,642,1
0,3,643,1
0,3,644,1
0,3,645,1
0,3,646,1
0,3,647,1
0,3,648,2
0,3,649,2
0,3,650,3
0,3,651,3
0,3,652,3
0,3,653,3
0,3,654,3
0,3,655,3
0,3,656,3
0,3,657,2
0,3,658,2
0,3,659,2
0,3,660,2
0,3,661,2
0,3,662,2
0,3,663,2
0,3,664,1
0,3,665,1
0,3,666,1
0,3,667,1
0,3,668,1
0,3,669,1
0,3,670,1
0,3,671,1
0,3,672,2
0,3,673,2
0,3,674,3
0,3,675,3
0,3,676,3
0,3,677,3
0,3,678,3
0,3,679,3
0,3,680,3
0,3,681,2
0,3,682,2
0,3,683,2
0,3,684,2
0,3,685,2
0,3,686,2
0,3,687,2
0,3,688,1
0,3,689,1
0,3,690,1
0,3,691,1
0,3,692,1
0,3,693,1
0,3,694,1
0,3,695,1
0,3,696,2
0,3,697,2
0,3,698,3
0,3,699,3
0,3,700,3
0,3,701,3
0,3,702,3
0,3,703,3
0,3,704,3
0,3,705,2
0,3,706,2
0,3,707,2
0,3,708,2
0,3,709,2
0,3,710,2
0,3,711,2
0,3,712,1
0,3,713,1
0,3,714,1
0,3,715,1
0,3,716,1
0,3,717,1
0,3,718,1
0,3,719,1
0,3,720,2
0,3,721,2
0,3,722,3
0,3,723,3
0,3,724,3
0,3,725,3
0,3,726,3
0,3,727,3
0,3,728,3
0,3,729,2
0,3,730,2
0,3,731,2
0,3,732,2
0,3,733,2
0,3,734,2
0,3,735,2
0,3,736,1
0,3,737,1
0,3,738,1
0,3,739,1
0,3,740,1
0,3,741,1
0,3,742,1
0,3,743,1
0,3,744,2
0,4,1,3
0,4,2,3
0,4,3,3
0,4,4,3
0,4,5,3
0,4,6,3
0,4,7,3
0,4,8,3
0,4,9,3
0,4,10,3
0,4,11,3
0,4,12,3
0,4,13,3
0,4,14,3
0,4,15,3
0,4,16,3
0,4,17,3
0,4,18,2
0,4,19,2
0,4,20,2
0,4,21,2
0,4,22,2
0,4,23,2
0,4,24,2
0,4,25,3
0,4,26,3
0,4,27,3
0,4,28,3
0,4,29,3
0,4,30,3
0,4,31,3
0,4,32,3
0,4,33,3
0,4,34,3
0,4,35,3
0,4,36,3
0,4,37,3
0,4,38,3
0,4,39,3
0,4,40,3
0,4,41,3
0,4,42,2
0,4,43,2
0,4,44,2
0,4,45,2
0,4,46,2
0,4,47,2
0,4,48,2
0,4,49,2
0,4,50,3
0,4,51,3
0,4,52,3
0,4,53,3
0,4,54,3
0,4,55,3
0,4,56,3
0,4,57,2
0,4,58,2
0,4,59,2
0,4,60,2
0,4,61,2
0,4,62,2
0,4,63,2
0,4,64,1
0,4,65,1
0,4,66,1
0,4,67,1
0,4,68,1
0,4,69,1
0,4,70,1
0,4,71,2
0,4,72,2
0,4,73,2
0,4,74,3
0,4,75,3
0,4,76,3
0,4,77,3
0,4,78,3
0,4,79,3
0,4,80,3
0,4,81,2
0,4,82,2
0,4,83,2
0,4,84,2
0,4,85,2
0,4,86,2
0,4,87,2
0,4,88,1
0,4,89,1
0,4,90,1
0,4,91,1
0,4,92,1
0,4,93,1
0,4,94,1
0,4,95,2
0,4,96,2
0,4,97,2
0,4,98,3
0,4,99,3
0,4,100,3
0,4,101,3
0,4,102,3
0,4,103,3
0,4,104,3
0,4,105,2
0,4,106,2
0,4,107,2
0,4,108,2
0,4,109,2
0,4,110,2
0,4,111,2
0,4,112,1
0,4,113,1
0,4,114,1
0,4,115,1
0,4,116,1
0,4,117,1
0,4,118,1
0,4,119,2
0,4,120,2
0,4,121,2
0,4,122,3
0,4,123,3
0,4,124,3
0,4,125,3
0,4,126,3
0,4,127,3
0,4,128,3
0,4,129,2
0,4,130,2
0,4,131,2
0,4,132,2
0,4,133,2
0,4,134,2
0,4,135,2
0,4,136,1
0,4,137,1
0,4,138,1
0,4,139,1
0,4,140,1
0,4,141,1
0,4,142,1
0,4,143,2
0,4,144,2
0,4,145,3
0,4,146,3
0,4,147,3
0,4,148,3
0,4,149,3
0,4,150,3
0,4,151,3
0,4,152,3
0,4,153,3
0,4,154,3
0,4,155,3
0,4,156,3
0,4,157,3
0,4,158,3
0,4,159,3
0,4,160,3
0,4,161,3
0,4,162,2
0,4,163,2
0,4,164,2
0,4,165,2
0,4,166,2
0,4,167,2
0,4,168,2
0,4,169,3
0,4,170,3
0,4,171,3
0,4,172,3
0,4,173,3
0,4,174,3
0,4,175,3
0,4,176,3
0,4,177,3
0,4,178,3
0,4,179,3
0,4,180,3
0,4,181,3
0,4,182,3
0,4,183,3
0,4,184,3
0,4,185,3
0,4,186,2
0,4,187,2
0,4,188,2
0,4,189,2
0,4,190,2
0,4,191,2
0,4,192,2
0,4,193,3
0,4,194,3
0,4,195,3
0,4,196,3
0,4,197,3
0,4,198,3
0,4,199,3
0,4,200,3
0,4,201,3
0,4,202,3
0,4,203,3
0,4,204,3
0,4,205,3
0,4,206,3
0,4,207,3
0,4,208,3
0,4,209,3
0,4,210,2
0,4,211,2
0,4,212,2
0,4,213,2
0,4,214,2
0,4,215,2
0,4,216,2
0,4,217,2
0,4,218,3
0,4,219,3
0,4,220,3
0,4,221,3
0,4,222,3
0,4,223,3
0,4,224,3
0,4,225,2
0,4,226,2
0,4,227,2
0,4,228,2
0,4,229,2
0,4,230,2
0,4,231,2
0,4,232,1
0,4,233,1
0,4,234,1
0,4,235,1
0,4,236,1
0,4,237,1
0,4,238,1
0,4,239,2
0,4,240,2
0,4,241,2
0,4,242,3
0,4,243,3
0,4,244,3
0,4,245,3
0,4,246,3
0,4,247,3
0,4,248,3
0,4,249,2
0,4,250,2
0,4,251,2
0,4,252,2
0,4,253,2
0,4,254,2
0,4,255,2
0,4,256,1
0,4,257,1
0,4,258,1
0,4,259,1
0,4,260,1
0,4,261,1
0,4,262,1
0,4,263,2
0,4,264,2
0,4,265,2
0,4,266,3
0,4,267,3
0,4,268,3
0,4,269,3
0,4,270,3
0,4,271,3
0,4,272,3
0,4,273,2
0,4,274,2
0,4,275,2
0,4,276,2
0,4,277,2
0,4,278,2
0,4,279,2
0,4,280,1
0,4,281,1
0,4,282,1
0,4,283,1
0,4,284,1
0,4,285,1
0,4,286,1
0,4,287,2
0,4,288,2
0,4,289,2
0,4,290,3
0,4,291,3
0,4,292,3
0,4,293,3
0,4,294,3
0,4,295,3
0,4,296,3
0,4,297,2
0,4,298,2
0,4,299,2
0,4,300,2
0,4,301,2
0,4,302,2
0,4,303,2
0,4,304,1
0,4,305,1
0,4,306,1
0,4,307,1
0,4,308,1
0,4,309,1
0,4,310,1
0,4,311,2
0,4,312,2
0,4,313,2
0,4,314,3
0,4,315,3
0,4,316,3
0,4,317,3
0,4,318,3
0,4,319,3
0,4,320,3
0,4,321,2
0,4,322,2
0,4,323,2
0,4,324,2
0,4,325,2
0,4,326,2
0,4,327,2
0,4,328,1
0,4,329,1
0,4,330,1
0,4,331,1
0,4,332,1
0,4,333,1
0,4,334,1
0,4,335,2
0,4,336,2
0,4,337,3
0,4,338,3
0,4,339,3
0,4,340,3
0,4,341,3
0,4,342,3
0,4,343,3
0,4,344,3
0,4,345,3
0,4,346,3
0,4,347,3
0,4,348,3
0,4,349,3
0,4,350,3
0,4,351,3
0,4,352,3
0,4,353,3
0,4,354,2
0,4,355,2
0,4,356,2
0,4,357,2
0,4,358,2
0,4,359,2
0,4,360,2
0,4,361,3
0,4,362,3
0,4,363,3
0,4,364,3
0,4,365,3
0,4,366,3
0,4,367,3
0,4,368,3
0,4,369,3
0,4,370,3
0,4,371,3
0,4,372,3
0,4,373,3
0,4,374,3
0,4,375,3
0,4,376,3
0,4,377,3
0,4,378,2
0,4,379,2
0,4,380,2
0,4,381,2
0,4,382,2
0,4,383,2
0,4,384,2
0,4,385,2
0,4,386,3
0,4,387,3
0,4,388,3
0,4,389,3
0,4,390,3
0,4,391,3
0,4,392,3
0,4,393,2
0,4,394,2
0,4,395,2
0,4,396,2
0,4,397,2
0,4,398,2
0,4,399,2
0,4,400,1
0,4,401,1
0,4,402,1
0,4,403,1
0,4,404,1
0,4,405,1
0,4,406,1
0,4,407,2
0,4,408,2
0,4,409,2
0,4,410,3
0,4,411,3
0,4,412,3
0,4,413,3
0,4,414,3
0,4,415,3
0,4,416,3
0,4,417,2
0,4,418,2
0,4,419,2
0,4,420,2
0,4,421,2
0,4,422,2
0,4,423,2
0,4,424,1
0,4,425,1
0,4,426,1
0,4,427,1
0,4,428,1
0,4,429,1
0,4,430,1
0,4,431,2
0,4,432,2
0,4,433,2
0,4,434,3
0,4,435,3
0,4,436,3
0,4,437,3
0,4,438,3
0,4,439,3
0,4,440,3
0,4,441,2
0,4,442,2
0,4,443,2
0,4,444,2
0,4,445,2
0,4,446,2
0,4,447,2
0,4,448,1
0,4,449,1
0,4,450,1
0,4,451,1
0,4,452,1
0,4,453,1
0,4,454,1
0,4,455,2
0,4,456,2
0,4,457,2
0,4,458,3
0,4,459,3
0,4,460,3
0,4,461,3
0,4,462,3
0,4,463,3
0,4,464,3
0,4,465,2
0,4,466,2
0,4,467,2
0,4,468,2
0,4,469,2
0,4,470,2
0,4,471,2
0,4,472,1
0,4,473,1
0,4,474,1
0,4,475,1
0,4,476,1
0,4,477,1
0,4,478,1
0,4,479,2
0,4,480,2
0,4,481,3
0,4,482,3
0,4,483,3
0,4,484,3
0,4,485,3
0,4,486,3
0,4,487,3
0,4,488,3
0,4,489,3
0,4,490,3
0,4,491,3
0,4,492,3
0,4,493,3
0,4,494,3
0,4,495,3
0,4,496,3
0,4,497,3
0,4,498,2
0,4,499,2
0,4,500,2
0,4,501,2
0,4,502,2
0,4,503,2
0,4,504,2
0,4,505,3
0,4,506,3
0,4,507,3
0,4,508,3
0,4,509,3
0,4,510,3
0,4,511,3
0,4,512,3
0,4,513,3
0,4,514,3
0,4,515,3
0,4,516,3
0,4,517,3
0,4,518,3
0,4,519,3
0,4,520,3
0,4,521,3
0,4,522,2
0,4,523,2
0,4,524,2
0,4,525,2
0,4,526,2
0,4,527,2
0,4,528,2
0,4,529,3
0,4,530,3
0,4,531,3
0,4,532,3
0,4,533,3
0,4,534,3
0,4,535,3
0,4,536,3
0,4,537,3
0,4,538,3
0,4,539,3
0,4,540,3
0,4,541,3
0,4,542,3
0,4,543,3
0,4,544,3
0,4,545,3
0,4,546,2
0,4,547,2
0,4,548,2
0,4,549,2
0,4,550,2
0,4,551,2
0,4,552,2
0,4,553,2
0,4,554,3
0,4,555,3
0,4,556,3
0,4,557,3
0,4,558,3
0,4,559,3
0,4,560,3
0,4,561,2
0,4,562,2
0,4,563,2
0,4,564,2
0,4,565,2
0,4,566,2
0,4,567,2
0,4,568,1
0,4,569,1
0,4,570,1
0,4,571,1
0,4,572,1
0,4,573,1
0,4,574,1
0,4,575,2
0,4,576,2
0,4,577,2
0,4,578,3
0,4,579,3
0,4,580,3
0,4,581,3
0,4,582,3
0,4,583,3
0,4,584,3
0,4,585,2
0,4,586,2
0,4,587,2
0,4,588,2
0,4,589,2
0,4,590,2
0,4,591,2
0,4,592,1
0,4,593,1
0,4,594,1
0,4,595,1
0,4,596,1
0,4,597,1
0,4,598,1
0,4,599,2
0,4,600,2
0,4,601,2
0,4,602,3
0,4,603,3
0,4,604,3
0,4,605,3
0,4,606,3
0,4,607,3
0,4,608,3
0,4,609,2
0,4,610,2
0,4,611,2
0,4,612,2
0,4,613,2
0,4,614,2
0,4,615,2
0,4,616,1
0,4,617,1
0,4,618,1
0,4,619,1
0,4,620,1
0,4,621,1
0,4,622,1
0,4,623,2
0,4,624,2
0,4,625,2
0,4,626,3
0,4,627,3
0,4,628,3
0,4,629,3
0,4,630,3
0,4,631,3
0,4,632,3
0,4,633,2
0,4,634,2
0,4,635,2
0,4,636,2
0,4,637,2
0,4,638,2
0,4,639,2
0,4,640,1
0,4,641,1
0,4,642,1
0,4,643,1
0,4,644,1
0,4,645,1
0,4,646,1
0,4,647,2
0,4,648,2
0,4,649,2
0,4,650,3
0,4,651,3
0,4,652,3
0,4,653,3
0,4,654,3
0,4,655,3
0,4,656,3
0,4,657,2
0,4,658,2
0,4,659,2
0,4,660,2
0,4,661,2
0,4,662,2
0,4,663,2
0,4,664,1
0,4,665,1
0,4,666,1
0,4,667,1
0,4,668,1
0,4,669,1
0,4,670,1
0,4,671,2
0,4,672,2
0,4,673,3
0,4,674,3
0,4,675,3
0,4,676,3
0,4,677,3
0,4,678,3
0,4,679,3
0,4,680,3
0,4,681,3
0,4,682,3
0,4,683,3
0,4,684,3
0,4,685,3
0,4,686,3
0,4,687,3
0,4,688,3
0,4,689,3
0,4,690,2
0,4,691,2
0,4,692,2
0,4,693,2
0,4,694,2
0,4,695,2
0,4,696,2
0,4,697,3
0,4,698,3
0,4,699,3
0,4,700,3
0,4,701,3
0,4,702,3
0,4,703,3
0,4,704,3
0,4,705,3
0,4,706,3
0,4,707,3
0,4,708,3
0,4,709,3
0,4,710,3
0,4,711,3
0,4,712,3
0,4,713,3
0,4,714,2
0,4,715,2
0,4,716,2
0,4,717,2
0,4,718,2
0,4,719,2
0,4,720,2
0,5,1,3
0,5,2,3
0,5,3,3
0,5,4,3
0,5,5,3
0,5,6,3
0,5,7,3
0,5,8,3
0,5,9,3
0,5,10,3
0,5,11,3
0,5,12,3
0,5,13,3
0,5,14,3
0,5,15,3
0,5,16,3
0,5,17,3
0,5,18,2
0,5,19,2
0,5,20,2
0,5,21,2
0,5,22,2
0,5,23,3
0,5,24,3
0,5,25,3
0,5,26,3
0,5,27,3
0,5,28,3
0,5,29,3
0,5,30,3
0,5,31,3
0,5,32,3
0,5,33,2
0,5,34,2
0,5,35,2
0,5,36,2
0,5,37,2
0,5,38,2
0,5,39,2
0,5,40,2
0,5,41,2
0,5,42,1
0,5,43,1
0,5,44,1
0,5,45,1
0,5,46,1
0,5,47,2
0,5,48,2
0,5,49,3
0,5,50,3
0,5,51,3
0,5,52,3
0,5,53,3
0,5,54,3
0,5,55,3
0,5,56,3
0,5,57,2
0,5,58,2
0,5,59,2
0,5,60,2
0,5,61,2
0,5,62,2
0,5,63,2
0,5,64,2
0,5,65,2
0,5,66,1
0,5,67,1
0,5,68,1
0,5,69,1
0,5,70,1
0,5,71,2
0,5,72,2
0,5,73,3
0,5,74,3
0,5,75,3
0,5,76,3
0,5,77,3
0,5,78,3
0,5,79,3
0,5,80,3
0,5,81,2
0,5,82,2
0,5,83,2
0,5,84,2
0,5,85,2
0,5,86,2
0,5,87,2
0,5,88,2
0,5,89,2
0,5,90,1
0,5,91,1
0,5,92,1
0,5,93,1
0,5,94,1
0,5,95,2
0,5,96,2
0,5,97,3
0,5,98,3
0,5,99,3
0,5,100,3
0,5,101,3
0,5,102,3
0,5,103,3
0,5,104,3
0,5,105,2
0,5,106,2
0,5,107,2
0,5,108,2
0,5,109,2
0,5,110,2
0,5,111,2
0,5,112,2
0,5,113,2
0,5,114,1
0,5,115,1
0,5,116,1
0,5,117,1
0,5,118,1
0,5,119,2
0,5,120,2
0,5,121,3
0,5,122,3
0,5,123,3
0,5,124,3
0,5,125,3
0,5,126,3
0,5,127,3
0,5,128,3
0,5,129,3
0,5,130,3
0,5,131,3
0,5,132,3
0,5,133,3
0,5,134,3
0,5,135,3
0,5,136,3
0,5,137,3
0,5,138,2
0,5,139,2
0,5,140,2
0,5,141,2
0,5,142,2
0,5,143,3
0,5,144,3
0,5,145,3
0,5,146,3
0,5,147,3
0,5,148,3
0,5,149,3
0,5,150,3
0,5,151,3
0,5,152,3
0,5,153,3
0,5,154,3
0,5,155,3
0,5,156,3
0,5,157,3
0,5,158,3
0,5,159,3
0,5,160,3
0,5,161,3
0,5,162,2
0,5,163,2
0,5,164,2
0,5,165,2
0,5,166,2
0,5,167,3
0,5,168,3
0,5,169,3
0,5,170,3
0,5,171,3
0,5,172,3
0,5,173,3
0,5,174,3
0,5,175,3
0,5,176,3
0,5,177,2
0,5,178,2
0,5,179,2
0,5,180,2
0,5,181,2
0,5,182,2
0,5,183,2
0,5,184,2
0,5,185,2
0,5,186,1
0,5,187,1
0,5,188,1
0,5,189,1
0,5,190,1
0,5,191,2
0,5,192,2
0,5,193,3
0,5,194,3
0,5,195,3
0,5,196,3
0,5,197,3
0,5,198,3
0,5,199,3
0,5,200,3
0,5,201,2
0,5,202,2
0,5,203,2
0,5,204,2
0,5,205,2
0,5,206,2
0,5,207,2
0,5,208,2
0,5,209,2
0,5,210,1
0,5,211,1
0,5,212,1
0,5,213,1
0,5,214,1
0,5,215,2
0,5,216,2
0,5,217,3
0,5,218,3
0,5,219,3
0,5,220,3
0,5,221,3
0,5,222,3
0,5,223,3
0,5,224,3
0,5,225,2
0,5,226,2
0,5,227,2
0,5,228,2
0,5,229,2
0,5,230,2
0,5,231,2
0,5,232,2
0,5,233,2
0,5,234,1
0,5,235,1
0,5,236,1
0,5,237,1
0,5,238,1
0,5,239,2
0,5,240,2
0,5,241,3
0,5,242,3
0,5,243,3
0,5,244,3
0,5,245,3
0,5,246,3
0,5,247,3
0,5,248,3
0,5,249,2
0,5,250,2
0,5,251,2
0,5,252,2
0,5,253,2
0,5,254,2
0,5,255,2
0,5,256,2
0,5,257,2
0,5,258,1
0,5,259,1
0,5,260,1
0,5,261,1
0,5,262,1
0,5,263,2
0,5,264,2
0,5,265,3
0,5,266,3
0,5,267,3
0,5,268,3
0,5,269,3
0,5,270,3
0,5,271,3
0,5,272,3
0,5,273,2
0,5,274,2
0,5,275,2
0,5,276,2
0,5,277,2
0,5,278,2
0,5,279,2
0,5,280,2
0,5,281,2
0,5,282,1
0,5,283,1
0,5,284,1
0,5,285,1
0,5,286,1
0,5,287,2
0,5,288,2
0,5,289,3
0,5,290,3
0,5,291,3
0,5,292,3
0,5,293,3
0,5,294,3
0,5,295,3
0,5,296,3
0,5,297,3
0,5,298,3
0,5,299,3
0,5,300,3
0,5,301,3
0,5,302,3
0,5,303,3
0,5,304,3
0,5,305,3
0,5,306,2
0,5,307,2
0,5,308,2
0,5,309,2
0,5,310,2
0,5,311,3
0,5,312,3
0,5,313,3
0,5,314,3
0,5,315,3
0,5,316,3
0,5,317,3
0,5,318,3
0,5,319,3
0,5,320,3
0,5,321,3
0,5,322,3
0,5,323,3
0,5,324,3
0,5,325,3
0,5,326,3
0,5,327,3
0,5,328,3
0,5,329,3
0,5,330,2
0,5,331,2
0,5,332,2
0,5,333,2
0,5,334,2
0,5,335,3
0,5,336,3
0,5,337,3
0,5,338,3
0,5,339,3
0,5,340,3
0,5,341,3
0,5,342,3
0,5,343,3
0,5,344,3
0,5,345,2
0,5,346,2
0,5,347,2
0,5,348,2
0,5,349,2
0,5,350,2
0,5,351,2
0,5,352,2
0,5,353,2
0,5,354,1
0,5,355,1
0,5,356,1
0,5,357,1
0,5,358,1
0,5,359,2
0,5,360,2
0,5,361,3
0,5,362,3
0,5,363,3
0,5,364,3
0,5,365,3
0,5,366,3
0,5,367,3
0,5,368,3
0,5,369,2
0,5,370,2
0,5,371,2
0,5,372,2
0,5,373,2
0,5,374,2
0,5,375,2
0,5,376,2
0,5,377,2
0,5,378,1
0,5,379,1
0,5,380,1
0,5,381,1
0,5,382,1
0,5,383,2
0,5,384,2
0,5,385,3
0,5,386,3
0,5,387,3
0,5,388,3
0,5,389,3
0,5,390,3
0,5,391,3
0,5,392,3
0,5,393,2
0,5,394,2
0,5,395,2
0,5,396,2
0,5,397,2
0,5,398,2
0,5,399,2
0,5,400,2
0,5,401,2
0,5,402,1
0,5,403,1
0,5,404,1
0,5,405,1
0,5,406,1
0,5,407,2
0,5,408,2
0,5,409,3
0,5,410,3
0,5,411,3
0,5,412,3
0,5,413,3
0,5,414,3
0,5,415,3
0,5,416,3
0,5,417,2
0,5,418,2
0,5,419,2
0,5,420,2
0,5,421,2
0,5,422,2
0,5,423,2
0,5,424,2
0,5,425,2
0,5,426,1
0,5,427,1
0,5,428,1
0,5,429,1
0,5,430,1
0,5,431,2
0,5,432,2
0,5,433,3
0,5,434,3
0,5,435,3
0,5,436,3
0,5,437,3
0,5,438,3
0,5,439,3
0,5,440,3
0,5,441,2
0,5,442,2
0,5,443,2
0,5,444,2
0,5,445,2
0,5,446,2
0,5,447,2
0,5,448,2
0,5,449,2
0,5,450,1
0,5,451,1
0,5,452,1
0,5,453,1
0,5,454,1
0,5,455,2
0,5,456,2
0,5,457,3
0,5,458,3
0,5,459,3
0,5,460,3
0,5,461,3
0,5,462,3
0,5,463,3
0,5,464,3
0,5,465,3
0,5,466,3
0,5,467,3
0,5,468,3
0,5,469,3
0,5,470,3
0,5,471,3
0,5,472,3
0,5,473,3
0,5,474,2
0,5,475,2
0,5,476,2
0,5,477,2
0,5,478,2
0,5,479,3
0,5,480,3
0,5,481,3
0,5,482,3
0,5,483,3
0,5,484,3
0,5,485,3
0,5,486,3
0,5,487,3
0,5,488,3
0,5,489,3
0,5,490,3
0,5,491,3
0,5,492,3
0,5,493,3
0,5,494,3
0,5,495,3
0,5,496,3
0,5,497,3
0,5,498,2
0,5,499,2
0,5,500,2
0,5,501,2
0,5,502,2
0,5,503,3
0,5,504,3
0,5,505,3
0,5,506,3
0,5,507,3
0,5,508,3
0,5,509,3
0,5,510,3
0,5,511,3
0,5,512,3
0,5,513,2
0,5,514,2
0,5,515,2
0,5,516,2
0,5,517,2
0,5,518,2
0,5,519,2
0,5,520,2
0,5,521,2
0,5,522,1
0,5,523,1
0,5,524,1
0,5,525,1
0,5,526,1
0,5,527,2
0,5,528,2
0,5,529,3
0,5,530,3
0,5,531,3
0,5,532,3
0,5,533,3
0,5,534,3
0,5,535,3
0,5,536,3
0,5,537,2
0,5,538,2
0,5,539,2
0,5,540,2
0,5,541,2
0,5,542,2
0,5,543,2
0,5,544,2
0,5,545,2
0,5,546,1
0,5,547,1
0,5,548,1
0,5,549,1
0,5,550,1
0,5,551,2
0,5,552,2
0,5,553,3
0,5,554,3
0,5,555,3
0,5,556,3
0,5,557,3
0,5,558,3
0,5,559,3
0,5,560,3
0,5,561,2
0,5,562,2
0,5,563,2
0,5,564,2
0,5,565,2
0,5,566,2
0,5,567,2
0,5,568,2
0,5,569,2
0,5,570,1
0,5,571,1
0,5,572,1
0,5,573,1
0,5,574,1
0,5,575,2
0,5,576,2
0,5,577,3
0,5,578,3
0,5,579,3
0,5,580,3
0,5,581,3
0,5,582,3
0,5,583,3
0,5,584,3
0,5,585,2
0,5,586,2
0,5,587,2
0,5,588,2
0,5,589,2
0,5,590,2
0,5,591,2
0,5,592,2
0,5,593,2
0,5,594,1
0,5,595,1
0,5,596,1
0,5,597,1
0,5,598,1
0,5,599,2
0,5,600,2
0,5,601,3
0,5,602,3
0,5,603,3
0,5,604,3
0,5,605,3
0,5,606,3
0,5,607,3
0,5,608,3
0,5,609,2
0,5,610,2
0,5,611,2
0,5,612,2
0,5,613,2
0,5,614,2
0,5,615,2
0,5,616,2
0,5,617,2
0,5,618,1
0,5,619,1
0,5,620,1
0,5,621,1
0,5,622,1
0,5,623,2
0,5,624,2
0,5,625,3
0,5,626,3
0,5,627,3
0,5,628,3
0,5,629,3
0,5,630,3
0,5,631,3
0,5,632,3
0,5,633,3
0,5,634,3
0,5,635,3
0,5,636,3
0,5,637,3
0,5,638,3
0,5,639,3
0,5,640,3
0,5,641,3
0,5,642,2
0,5,643,2
0,5,644,2
0,5,645,2
0,5,646,2
0,5,647,3
0,5,648,3
0,5,649,3
0,5,650,3
0,5,651,3
0,5,652,3
0,5,653,3
0,5,654,3
0,5,655,3
0,5,656,3
0,5,657,3
0,5,658,3
0,5,659,3
0,5,660,3
0,5,661,3
0,5,662,3
0,5,663,3
0,5,664,3
0,5,665,3
0,5,666,2
0,5,667,2
0,5,668,2
0,5,669,2
0,5,670,2
0,5,671,3
0,5,672,3
0,5,673,3
0,5,674,3
0,5,675,3
0,5,676,3
0,5,677,3
0,5,678,3
0,5,679,3
0,5,680,3
0,5,681,2
0,5,682,2
0,5,683,2
0,5,684,2
0,5,685,2
0,5,686,2
0,5,687,2
0,5,688,2
0,5,689,2
0,5,690,1
0,5,691,1
0,5,692,1
0,5,693,1
0,5,694,1
0,5,695,2
0,5,696,2
0,5,697,3
0,5,698,3
0,5,699,3
0,5,700,3
0,5,701,3
0,5,702,3
0,5,703,3
0,5,704,3
0,5,705,2
0,5,706,2
0,5,707,2
0,5,708,2
0,5,709,2
0,5,710,2
0,5,711,2
0,5,712,2
0,5,713,2
0,5,714,1
0,5,715,1
0,5,716,1
0,5,717,1
0,5,718,1
0,5,719,2
0,5,720,2
0,5,721,3
0,5,722,3
0,5,723,3
0,5,724,3
0,5,725,3
0,5,726,3
0,5,727,3
0,5,728,3
0,5,729,2
0,5,730,2
0,5,731,2
0,5,732,2
0,5,733,2
0,5,734,2
0,5,735,2
0,5,736,2
0,5,737,2
0,5,738,1
0,5,739,1
0,5,740,1
0,5,741,1
0,5,742,1
0,5,743,2
0,5,744,2
0,6,1,3
0,6,2,3
0,6,3,3
0,6,4,3
0,6,5,3
0,6,6,3
0,6,7,3
0,6,8,3
0,6,9,2
0,6,10,2
0,6,11,2
0,6,12,2
0,6,13,2
0,6,14,2
0,6,15,2
0,6,16,2
0,6,17,2
0,6,18,1
0,6,19,1
0,6,20,1
0,6,21,1
0,6,22,1
0,6,23,2
0,6,24,2
0,6,25,3
0,6,26,3
0,6,27,3
0,6,28,3
0,6,29,3
0,6,30,3
0,6,31,3
0,6,32,3
0,6,33,2
0,6,34,2
0,6,35,2
0,6,36,2
0,6,37,2
0,6,38,2
0,6,39,2
0,6,40,2
0,6,41,2
0,6,42,1
0,6,43,1
0,6,44,1
0,6,45,1
0,6,46,1
0,6,47,2
0,6,48,2
0,6,49,3
0,6,50,3
0,6,51,3
0,6,52,3
0,6,53,3
0,6,54,3
0,6,55,3
0,6,56,3
0,6,57,3
0,6,58,3
0,6,59,3
0,6,60,3
0,6,61,3
0,6,62,3
0,6,63,3
0,6,64,3
0,6,65,3
0,6,66,2
0,6,67,2
0,6,68,2
0,6,69,2
0,6,70,2
0,6,71,3
0,6,72,3
0,6,73,3
0,6,74,3
0,6,75,3
0,6,76,3
0,6,77,3
0,6,78,3
0,6,79,3
0,6,80,3
0,6,81,3
0,6,82,3
0,6,83,3
0,6,84,3
0,6,85,3
0,6,86,3
0,6,87,3
0,6,88,3
0,6,89,3
0,6,90,2
0,6,91,2
0,6,92,2
0,6,93,2
0,6,94,2
0,6,95,3
0,6,96,3
0,6,97,3
0,6,98,3
0,6,99,3
0,6,100,3
0,6,101,3
0,6,102,3
0,6,103,3
0,6,104,3
0,6,105,2
0,6,106,2
0,6,107,2
0,6,108,2
0,6,109,2
0,6,110,2
0,6,111,2
0,6,112,2
0,6,113,2
0,6,114,1
0,6,115,1
0,6,116,1
0,6,117,1
0,6,118,1
0,6,119,2
0,6,120,2
0,6,121,3
0,6,122,3
0,6,123,3
0,6,124,3
0,6,125,3
0,6,126,3
0,6,127,3
0,6,128,3
0,6,129,2
0,6,130,2
0,6,131,2
0,6,132,2
0,6,133,2
0,6,134,2
0,6,135,2
0,6,136,2
0,6,137,2
0,6,138,1
0,6,139,1
0,6,140,1
0,6,141,1
0,6,142,1
0,6,143,2
0,6,144,2
0,6,145,3
0,6,146,3
0,6,147,3
0,6,148,3
0,6,149,3
0,6,150,3
0,6,151,3
0,6,152,3
0,6,153,2
0,6,154,2
0,6,155,2
0,6,156,2
0,6,157,2
0,6,158,2
0,6,159,2
0,6,160,2
0,6,161,2
0,6,162,1
0,6,163,1
0,6,164,1
0,6,165,1
0,6,166,1
0,6,167,2
0,6,168,2
0,6,169,3
0,6,170,3
0,6,171,3
0,6,172,3
0,6,173,3
0,6,174,3
0,6,175,3
0,6,176,3
0,6,177,3
0,6,178,3
0,6,179,3
0,6,180,3
0,6,181,3
0,6,182,3
0,6,183,3
0,6,184,3
0,6,185,3
0,6,186,2
0,6,187,2
0,6,188,2
0,6,189,2
0,6,190,2
0,6,191,3
0,6,192,3
0,6,193,3
0,6,194,3
0,6,195,3
0,6,196,3
0,6,197,3
0,6,198,3
0,6,199,3
0,6,200,3
0,6,201,2
0,6,202,2
0,6,203,2
0,6,204,2
0,6,205,2
0,6,206,2
0,6,207,2
0,6,208,2
0,6,209,2
0,6,210,1
0,6,211,1
0,6,212,1
0,6,213,1
0,6,214,1
0,6,215,2
0,6,216,2
0,6,217,3
0,6,218,3
0,6,219,3
0,6,220,3
0,6,221,3
0,6,222,3
0,6,223,3
0,6,224,3
0,6,225,3
0,6,226,3
0,6,227,3
0,6,228,3
0,6,229,3
0,6,230,3
0,6,231,3
0,6,232,3
0,6,233,3
0,6,234,2
0,6,235,2
0,6,236,2
0,6,237,2
0,6,238,2
0,6,239,3
0,6,240,3
0,6,241,3
0,6,242,3
0,6,243,3
0,6,244,3
0,6,245,3
0,6,246,3
0,6,247,3
0,6,248,3
0,6,249,3
0,6,250,3
0,6,251,3
0,6,252,3
0,6,253,3
0,6,254,3
0,6,255,3
0,6,256,3
0,6,257,3
0,6,258,2
0,6,259,2
0,6,260,2
0,6,261,2
0,6,262,2
0,6,263,3
0,6,264,3
0,6,265,3
0,6,266,3
0,6,267,3
0,6,268,3
0,6,269,3
0,6,270,3
0,6,271,3
0,6,272,3
0,6,273,2
0,6,274,2
0,6,275,2
0,6,276,2
0,6,277,2
0,6,278,2
0,6,279,2
0,6,280,2
0,6,281,2
0,6,282,1
0,6,283,1
0,6,284,1
0,6,285,1
0,6,286,1
0,6,287,2
0,6,288,2
0,6,289,3
0,6,290,3
0,6,291,3
0,6,292,3
0,6,293,3
0,6,294,3
0,6,295,3
0,6,296,3
0,6,297,2
0,6,298,2
0,6,299,2
0,6,300,2
0,6,301,2
0,6,302,2
0,6,303,2
0,6,304,2
0,6,305,2
0,6,306,1
0,6,307,1
0,6,308,1
0,6,309,1
0,6,310,1
0,6,311,2
0,6,312,2
0,6,313,3
0,6,314,3
0,6,315,3
0,6,316,3
0,6,317,3
0,6,318,3
0,6,319,3
0,6,320,3
0,6,321,2
0,6,322,2
0,6,323,2
0,6,324,2
0,6,325,2
0,6,326,2
0,6,327,2
0,6,328,2
0,6,329,2
0,6,330,1
0,6,331,1
0,6,332,1
0,6,333,1
0,6,334,1
0,6,335,2
0,6,336,2
0,6,337,3
0,6,338,3
0,6,339,3
0,6,340,3
0,6,341,3
0,6,342,3
0,6,343,3
0,6,344,3
0,6,345,2
0,6,346,2
0,6,347,2
0,6,348,2
0,6,349,2
0,6,350,2
0,6,351,2
0,6,352,2
0,6,353,2
0,6,354,1
0,6,355,1
0,6,356,1
0,6,357,1
0,6,358,1
0,6,359,2
0,6,360,2
0,6,361,3
0,6,362,3
0,6,363,3
0,6,364,3
0,6,365,3
0,6,366,3
0,6,367,3
0,6,368,3
0,6,369,2
0,6,370,2
0,6,371,2
0,6,372,2
0,6,373,2
0,6,374,2
0,6,375,2
0,6,376,2
0,6,377,2
0,6,378,1
0,6,379,1
0,6,380,1
0,6,381,1
0,6,382,1
0,6,383,2
0,6,384,2
0,6,385,3
0,6,386,3
0,6,387,3
0,6,388,3
0,6,389,3
0,6,390,3
0,6,391,3
0,6,392,3
0,6,393,3
0,6,394,3
0,6,395,3
0,6,396,3
0,6,397,3
0,6,398,3
0,6,399,3
0,6,400,3
0,6,401,3
0,6,402,2
0,6,403,2
0,6,404,2
0,6,405,2
0,6,406,2
0,6,407,3
0,6,408,3
0,6,409,3
0,6,410,3
0,6,411,3
0,6,412,3
0,6,413,3
0,6,414,3
0,6,415,3
0,6,416,3
0,6,417,3
0,6,418,3
0,6,419,3
0,6,420,3
0,6,421,3
0,6,422,3
0,6,423,3
0,6,424,3
0,6,425,3
0,6,426,2
0,6,427,2
0,6,428,2
0,6,429,2
0,6,430,2
0,6,431,3
0,6,432,3
0,6,433,3
0,6,434,3
0,6,435,3
0,6,436,3
0,6,437,3
0,6,438,3
0,6,439,3
0,6,440,3
0,6,441,2
0,6,442,2
0,6,443,2
0,6,444,2
0,6,445,2
0,6,446,2
0,6,447,2
0,6,448,2
0,6,449,2
0,6,450,1
0,6,451,1
0,6,452,1
0,6,453,1
0,6,454,1
0,6,455,2
0,6,456,2
0,6,457,3
0,6,458,3
0,6,459,3
0,6,460,3
0,6,461,3
0,6,462,3
0,6,463,3
0,6,464,3
0,6,465,2
0,6,466,2
0,6,467,2
0,6,468,2
0,6,469,2
0,6,470,2
0,6,471,2
0,6,472,2
0,6,473,2
0,6,474,1
0,6,475,1
0,6,476,1
0,6,477,1
0,6,478,1
0,6,479,2
0,6,480,2
0,6,481,3
0,6,482,3
0,6,483,3
0,6,484,3
0,6,485,3
0,6,486,3
0,6,487,3
0,6,488,3
0,6,489,2
0,6,490,2
0,6,491,2
0,6,492,2
0,6,493,2
0,6,494,2
0,6,495,2
0,6,496,2
0,6,497,2
0,6,498,1
0,6,499,1
0,6,500,1
0,6,501,1
0,6,502,1
0,6,503,2
0,6,504,2
0,6,505,3
0,6,506,3
0,6,507,3
0,6,508,3
0,6,509,3
0,6,510,3
0,6,511,3
0,6,512,3
0,6,513,2
0,6,514,2
0,6,515,2
0,6,516,2
0,6,517,2
0,6,518,2
0,6,519,2
0,6,520,2
0,6,521,2
0,6,522,1
0,6,523,1
0,6,524,1
0,6,525,1
0,6,526,1
0,6,527,2
0,6,528,2
0,6,529,3
0,6,530,3
0,6,531,3
0,6,532,3
0,6,533,3
0,6,534,3
0,6,535,3
0,6,536,3
0,6,537,2
0,6,538,2
0,6,539,2
0,6,540,2
0,6,541,2
0,6,542,2
0,6,543,2
0,6,544,2
0,6,545,2
0,6,546,1
0,6,547,1
0,6,548,1
0,6,549,1
0,6,550,1
0,6,551,2
0,6,552,2
0,6,553,3
0,6,554,3
0,6,555,3
0,6,556,3
0,6,557,3
0,6,558,3
0,6,559,3
0,6,560,3
0,6,561,3
0,6,562,3
0,6,563,3
0,6,564,3
0,6,565,3
0,6,566,3
0,6,567,3
0,6,568,3
0,6,569,3
0,6,570,2
0,6,571,2
0,6,572,2
0,6,573,2
0,6,574,2
0,6,575,3
0,6,576,3
0,6,577,3
0,6,578,3
0,6,579,3
0,6,580,3
0,6,581,3
0,6,582,3
0,6,583,3
0,6,584,3
0,6,585,3
0,6,586,3
0,6,587,3
0,6,588,3
0,6,589,3
0,6,590,3
0,6,591,3
0,6,592,3
0,6,593,3
0,6,594,2
0,6,595,2
0,6,596,2
0,6,597,2
0,6,598,2
0,6,599,3
0,6,600,3
0,6,601,3
0,6,602,3
0,6,603,3
0,6,604,3
0,6,605,3
0,6,606,3
0,6,607,3
0,6,608,3
0,6,609,2
0,6,610,2
0,6,611,2
0,6,612,2
0,6,613,2
0,6,614,2
0,6,615,2
0,6,616,2
0,6,617,2
0,6,618,1
0,6,619,1
0,6,620,1
0,6,621,1
0,6,622,1
0,6,623,2
0,6,624,2
0,6,625,3
0,6,626,3
0,6,627,3
0,6,628,3
0,6,629,3
0,6,630,3
0,6,631,3
0,6,632,3
0,6,633,2
0,6,634,2
0,6,635,2
0,6,636,2
0,6,637,2
0,6,638,2
0,6,639,2
0,6,640,2
0,6,641,2
0,6,642,1
0,6,643,1
0,6,644,1
0,6,645,1
0,6,646,1
0,6,647,2
0,6,648,2
0,6,649,3
0,6,650,3
0,6,651,3
0,6,652,3
0,6,653,3
0,6,654,3
0,6,655,3
0,6,656,3
0,6,657,2
0,6,658,2
0,6,659,2
0,6,660,2
0,6,661,2
0,6,662,2
0,6,663,2
0,6,664,2
0,6,665,2
0,6,666,1
0,6,667,1
0,6,668,1
0,6,669,1
0,6,670,1
0,6,671,2
0,6,672,2
0,6,673,3
0,6,674,3
0,6,675,3
0,6,676,3
0,6,677,3
0,6,678,3
0,6,679,3
0,6,680,3
0,6,681,2
0,6,682,2
0,6,683,2
0,6,684,2
0,6,685,2
0,6,686,2
0,6,687,2
0,6,688,2
0,6,689,2
0,6,690,1
0,6,691,1
0,6,692,1
0,6,693,1
0,6,694,1
0,6,695,2
0,6,696,2
0,6,697,3
0,6,698,3
0,6,699,3
0,6,700,3
0,6,701,3
0,6,702,3
0,6,703,3
0,6,704,3
0,6,705,2
0,6,706,2
0,6,707,2
0,6,708,2
0,6,709,2
0,6,710,2
0,6,711,2
0,6,712,2
0,6,713,2
0,6,714,1
0,6,715,1
0,6,716,1
0,6,717,1
0,6,718,1
0,6,719,2
0,6,720,2
0,7,1,3
0,7,2,3
0,7,3,3
0,7,4,3
0,7,5,3
0,7,6,3
0,7,7,3
0,7,8,3
0,7,9,3
0,7,10,3
0,7,11,3
0,7,12,3
0,7,13,3
0,7,14,3
0,7,15,3
0,7,16,3
0,7,17,3
0,7,18,2
0,7,19,2
0,7,20,2
0,7,21,2
0,7,22,2
0,7,23,3
0,7,24,3
0,7,25,3
0,7,26,3
0,7,27,3
0,7,28,3
0,7,29,3
0,7,30,3
0,7,31,3
0,7,32,3
0,7,33,3
0,7,34,3
0,7,35,3
0,7,36,3
0,7,37,3
0,7,38,3
0,7,39,3
0,7,40,3
0,7,41,3
0,7,42,2
0,7,43,2
0,7,44,2
0,7,45,2
0,7,46,2
0,7,47,3
0,7,48,3
0,7,49,3
0,7,50,3
0,7,51,3
0,7,52,3
0,7,53,3
0,7,54,3
0,7,55,3
0,7,56,3
0,7,57,2
0,7,58,2
0,7,59,2
0,7,60,2
0,7,61,2
0,7,62,2
0,7,63,2
0,7,64,2
0,7,65,2
0,7,66,1
0,7,67,1
0,7,68,1
0,7,69,1
0,7,70,1
0,7,71,2
0,7,72,2
0,7,73,3
0,7,74,3
0,7,75,3
0,7,76,3
0,7,77,3
0,7,78,3
0,7,79,3
0,7,80,3
0,7,81,2
0,7,82,2
0,7,83,2
0,7,84,2
0,7,85,2
0,7,86,2
0,7,87,2
0,7,88,2
0,7,89,2
0,7,90,1
0,7,91,1
0,7,92,1
0,7,93,1
0,7,94,1
0,7,95,2
0,7,96,2
0,7,97,3
0,7,98,3
0,7,99,3
0,7,100,3
0,7,101,3
0,7,102,3
0,7,103,3
0,7,104,3
0,7,105,2
0,7,106,2
0,7,107,2
0,7,108,2
0,7,109,2
0,7,110,2
0,7,111,2
0,7,112,2
0,7,113,2
0,7,114,1
0,7,115,1
0,7,116,1
0,7,117,1
0,7,118,1
0,7,119,2
0,7,120,2
0,7,121,3
0,7,122,3
0,7,123,3
0,7,124,3
0,7,125,3
0,7,126,3
0,7,127,3
0,7,128,3
0,7,129,2
0,7,130,2
0,7,131,2
0,7,132,2
0,7,133,2
0,7,134,2
0,7,135,2
0,7,136,2
0,7,137,2
0,7,138,1
0,7,139,1
0,7,140,1
0,7,141,1
0,7,142,1
0,7,143,2
0,7,144,2
0,7,145,3
0,7,146,3
0,7,147,3
0,7,148,3
0,7,149,3
0,7,150,3
0,7,151,3
0,7,152,3
0,7,153,2
0,7,154,2
0,7,155,2
0,7,156,2
0,7,157,2
0,7,158,2
0,7,159,2
0,7,160,2
0,7,161,2
0,7,162,1
0,7,163,1
0,7,164,1
0,7,165,1
0,7,166,1
0,7,167,2
0,7,168,2
0,7,169,3
0,7,170,3
0,7,171,3
0,7,172,3
0,7,173,3
0,7,174,3
0,7,175,3
0,7,176,3
0,7,177,3
0,7,178,3
0,7,179,3
0,7,180,3
0,7,181,3
0,7,182,3
0,7,183,3
0,7,184,3
0,7,185,3
0,7,186,2
0,7,187,2
0,7,188,2
0,7,189,2
0,7,190,2
0,7,191,3
0,7,192,3
0,7,193,3
0,7,194,3
0,7,195,3
0,7,196,3
0,7,197,3
0,7,198,3
0,7,199,3
0,7,200,3
0,7,201,3
0,7,202,3
0,7,203,3
0,7,204,3
0,7,205,3
0,7,206,3
0,7,207,3
0,7,208,3
0,7,209,3
0,7,210,2
0,7,211,2
0,7,212,2
0,7,213,2
0,7,214,2
0,7,215,3
0,7,216,3
0,7,217,3
0,7,218,3
0,7,219,3
0,7,220,3
0,7,221,3
0,7,222,3
0,7,223,3
0,7,224,3
0,7,225,2
0,7,226,2
0,7,227,2
0,7,228,2
0,7,229,2
0,7,230,2
0,7,231,2
0,7,232,2
0,7,233,2
0,7,234,1
0,7,235,1
0,7,236,1
0,7,237,1
0,7,238,1
0,7,239,2
0,7,240,2
0,7,241,3
0,7,242,3
0,7,243,3
0,7,244,3
0,7,245,3
0,7,246,3
0,7,247,3
0,7,248,3
0,7,249,2
0,7,250,2
0,7,251,2
0,7,252,2
0,7,253,2
0,7,254,2
0,7,255,2
0,7,256,2
0,7,257,2
0,7,258,1
0,7,259,1
0,7,260,1
0,7,261,1
0,7,262,1
0,7,263,2
0,7,264,2
0,7,265,3
0,7,266,3
0,7,267,3
0,7,268,3
0,7,269,3
0,7,270,3
0,7,271,3
0,7,272,3
0,7,273,2
0,7,274,2
0,7,275,2
0,7,276,2
0,7,277,2
0,7,278,2
0,7,279,2
0,7,280,2
0,7,281,2
0,7,282,1
0,7,283,1
0,7,284,1
0,7,285,1
0,7,286,1
0,7,287,2
0,7,288,2
0,7,289,3
0,7,290,3
0,7,291,3
0,7,292,3
0,7,293,3
0,7,294,3
0,7,295,3
0,7,296,3
0,7,297,2
0,7,298,2
0,7,299,2
0,7,300,2
0,7,301,2
0,7,302,2
0,7,303,2
0,7,304,2
0,7,305,2
0,7,306,1
0,7,307,1
0,7,308,1
0,7,309,1
0,7,310,1
0,7,311,2
0,7,312,2
0,7,313,3
0,7,314,3
0,7,315,3
0,7,316,3
0,7,317,3
0,7,318,3
0,7,319,3
0,7,320,3
0,7,321,2
0,7,322,2
0,7,323,2
0,7,324,2
0,7,325,2
0,7,326,2
0,7,327,2
0,7,328,2
0,7,329,2
0,7,330,1
0,7,331,1
0,7,332,1
0,7,333,1
0,7,334,1
0,7,335,2
0,7,336,2
0,7,337,3
0,7,338,3
0,7,339,3
0,7,340,3
0,7,341,3
0,7,342,3
0,7,343,3
0,7,344,3
0,7,345,3
0,7,346,3
0,7,347,3
0,7,348,3
0,7,349,3
0,7,350,3
0,7,351,3
0,7,352,3
0,7,353,3
0,7,354,2
0,7,355,2
0,7,356,2
0,7,357,2
0,7,358,2
0,7,359,3
0,7,360,3
0,7,361,3
0,7,362,3
0,7,363,3
0,7,364,3
0,7,365,3
0,7,366,3
0,7,367,3
0,7,368,3
0,7,369,3
0,7,370,3
0,7,371,3
0,7,372,3
0,7,373,3
0,7,374,3
0,7,375,3
0,7,376,3
0,7,377,3
0,7,378,2
0,7,379,2
0,7,380,2
0,7,381,2
0,7,382,2
0,7,383,3
0,7,384,3
0,7,385,3
0,7,386,3
0,7,387,3
0,7,388,3
0,7,389,3
0,7,390,3
0,7,391,3
0,7,392,3
0,7,393,2
0,7,394,2
0,7,395,2
0,7,396,2
0,7,397,2
0,7,398,2
0,7,399,2
0,7,400,2
0,7,401,2
0,7,402,1
0,7,403,1
0,7,404,1
0,7,405,1
0,7,406,1
0,7,407,2
0,7,408,2
0,7,409,3
0,7,410,3
0,7,411,3
0,7,412,3
0,7,413,3
0,7,414,3
0,7,415,3
0,7,416,3
0,7,417,2
0,7,418,2
0,7,419,2
0,7,420,2
0,7,421,2
0,7,422,2
0,7,423,2
0,7,424,2
0,7,425,2
0,7,426,1
0,7,427,1
0,7,428,1
0,7,429,1
0,7,430,1
0,7,431,2
0,7,432,2
0,7,433,3
0,7,434,3
0,7,435,3
0,7,436,3
0,7,437,3
0,7,438,3
0,7,439,3
0,7,440,3
0,7,441,2
0,7,442,2
0,7,443,2
0,7,444,2
0,7,445,2
0,7,446,2
0,7,447,2
0,7,448,2
0,7,449,2
0,7,450,1
0,7,451,1
0,7,452,1
0,7,453,1
0,7,454,1
0,7,455,2
0,7,456,2
0,7,457,3
0,7,458,3
0,7,459,3
0,7,460,3
0,7,461,3
0,7,462,3
0,7,463,3
0,7,464,3
0,7,465,2
0,7,466,2
0,7,467,2
0,7,468,2
0,7,469,2
0,7,470,2
0,7,471,2
0,7,472,2
0,7,473,2
0,7,474,1
0,7,475,1
0,7,476,1
0,7,477,1
0,7,478,1
0,7,479,2
0,7,480,2
0,7,481,3
0,7,482,3
0,7,483,3
0,7,484,3
0,7,485,3
0,7,486,3
0,7,487,3
0,7,488,3
0,7,489,2
0,7,490,2
0,7,491,2
0,7,492,2
0,7,493,2
0,7,494,2
0,7,495,2
0,7,496,2
0,7,497,2
0,7,498,1
0,7,499,1
0,7,500,1
0,7,501,1
0,7,502,1
0,7,503,2
0,7,504,2
0,7,505,3
0,7,506,3
0,7,507,3
0,7,508,3
0,7,509,3
0,7,510,3
0,7,511,3
0,7,512,3
0,7,513,3
0,7,514,3
0,7,515,3
0,7,516,3
0,7,517,3
0,7,518,3
0,7,519,3
0,7,520,3
0,7,521,3
0,7,522,2
0,7,523,2
0,7,524,2
0,7,525,2
0,7,526,2
0,7,527,3
0,7,528,3
0,7,529,3
0,7,530,3
0,7,531,3
0,7,532,3
0,7,533,3
0,7,534,3
0,7,535,3
0,7,536,3
0,7,537,3
0,7,538,3
0,7,539,3
0,7,540,3
0,7,541,3
0,7,542,3
0,7,543,3
0,7,544,3
0,7,545,3
0,7,546,2
0,7,547,2
0,7,548,2
0,7,549,2
0,7,550,2
0,7,551,3
0,7,552,3
0,7,553,3
0,7,554,3
0,7,555,3
0,7,556,3
0,7,557,3
0,7,558,3
0,7,559,3
0,7,560,3
0,7,561,2
0,7,562,2
0,7,563,2
0,7,564,2
0,7,565,2
0,7,566,2
0,7,567,2
0,7,568,2
0,7,569,2
0,7,570,1
0,7,571,1
0,7,572,1
0,7,573,1
0,7,574,1
0,7,575,2
0,7,576,2
0,7,577,3
0,7,578,3
0,7,579,3
0,7,580,3
0,7,581,3
0,7,582,3
0,7,583,3
0,7,584,3
0,7,585,2
0,7,586,2
0,7,587,2
0,7,588,2
0,7,589,2
0,7,590,2
0,7,591,2
0,7,592,2
0,7,593,2
0,7,594,1
0,7,595,1
0,7,596,1
0,7,597,1
0,7,598,1
0,7,599,2
0,7,600,2
0,7,601,3
0,7,602,3
0,7,603,3
0,7,604,3
0,7,605,3
0,7,606,3
0,7,607,3
0,7,608,3
0,7,609,2
0,7,610,2
0,7,611,2
0,7,612,2
0,7,613,2
0,7,614,2
0,7,615,2
0,7,616,2
0,7,617,2
0,7,618,1
0,7,619,1
0,7,620,1
0,7,621,1
0,7,622,1
0,7,623,2
0,7,624,2
0,7,625,3
0,7,626,3
0,7,627,3
0,7,628,3
0,7,629,3
0,7,630,3
0,7,631,3
0,7,632,3
0,7,633,2
0,7,634,2
0,7,635,2
0,7,636,2
0,7,637,2
0,7,638,2
0,7,639,2
0,7,640,2
0,7,641,2
0,7,642,1
0,7,643,1
0,7,644,1
0,7,645,1
0,7,646,1
0,7,647,2
0,7,648,2
0,7,649,3
0,7,650,3
0,7,651,3
0,7,652,3
0,7,653,3
0,7,654,3
0,7,655,3
0,7,656,3
0,7,657,2
0,7,658,2
0,7,659,2
0,7,660,2
0,7,661,2
0,7,662,2
0,7,663,2
0,7,664,2
0,7,665,2
0,7,666,1
0,7,667,1
0,7,668,1
0,7,669,1
0,7,670,1
0,7,671,2
0,7,672,2
0,7,673,3
0,7,674,3
0,7,675,3
0,7,676,3
0,7,677,3
0,7,678,3
0,7,679,3
0,7,680,3
0,7,681,3
0,7,682,3
0,7,683,3
0,7,684,3
0,7,685,3
0,7,686,3
0,7,687,3
0,7,688,3
0,7,689,3
0,7,690,2
0,7,691,2
0,7,692,2
0,7,693,2
0,7,694,2
0,7,695,3
0,7,696,3
0,7,697,3
0,7,698,3
0,7,699,3
0,7,700,3
0,7,701,3
0,7,702,3
0,7,703,3
0,7,704,3
0,7,705,3
0,7,706,3
0,7,707,3
0,7,708,3
0,7,709,3
0,7,710,3
0,7,711,3
0,7,712,3
0,7,713,3
0,7,714,2
0,7,715,2
0,7,716,2
0,7,717,2
0,7,718,2
0,7,719,3
0,7,720,3
0,7,721,3
0,7,722,3
0,7,723,3
0,7,724,3
0,7,725,3
0,7,726,3
0,7,727,3
0,7,728,3
0,7,729,2
0,7,730,2
0,7,731,2
0,7,732,2
0,7,733,2
0,7,734,2
0,7,735,2
0,7,736,2
0,7,737,2
0,7,738,1
0,7,739,1
0,7,740,1
0,7,741,1
0,7,742,1
0,7,743,2
0,7,744,2
0,8,1,3
0,8,2,3
0,8,3,3
0,8,4,3
0,8,5,3
0,8,6,3
0,8,7,3
0,8,8,3
0,8,9,2
0,8,10,2
0,8,11,2
0,8,12,2
0,8,13,2
0,8,14,2
0,8,15,2
0,8,16,2
0,8,17,2
0,8,18,1
0,8,19,1
0,8,20,1
0,8,21,1
0,8,22,1
0,8,23,2
0,8,24,2
0,8,25,3
0,8,26,3
0,8,27,3
0,8,28,3
0,8,29,3
0,8,30,3
0,8,31,3
0,8,32,3
0,8,33,2
0,8,34,2
0,8,35,2
0,8,36,2
0,8,37,2
0,8,38,2
0,8,39,2
0,8,40,2
0,8,41,2
0,8,42,1
0,8,43,1
0,8,44,1
0,8,45,1
0,8,46,1
0,8,47,2
0,8,48,2
0,8,49,3
0,8,50,3
0,8,51,3
0,8,52,3
0,8,53,3
0,8,54,3
0,8,55,3
0,8,56,3
0,8,57,2
0,8,58,2
0,8,59,2
0,8,60,2
0,8,61,2
0,8,62,2
0,8,63,2
0,8,64,2
0,8,65,2
0,8,66,1
0,8,67,1
0,8,68,1
0,8,69,1
0,8,70,1
0,8,71,2
0,8,72,2
0,8,73,3
0,8,74,3
0,8,75,3
0,8,76,3
0,8,77,3
0,8,78,3
0,8,79,3
0,8,80,3
0,8,81,2
0,8,82,2
0,8,83,2
0,8,84,2
0,8,85,2
0,8,86,2
0,8,87,2
0,8,88,2
0,8,89,2
0,8,90,1
0,8,91,1
0,8,92,1
0,8,93,1
0,8,94,1
0,8,95,2
0,8,96,2
0,8,97,3
0,8,98,3
0,8,99,3
0,8,100,3
0,8,101,3
0,8,102,3
0,8,103,3
0,8,104,3
0,8,105,3
0,8,106,3
0,8,107,3
0,8,108,3
0,8,109,3
0,8,110,3
0,8,111,3
0,8,112,3
0,8,113,3
0,8,114,2
0,8,115,2
0,8,116,2
0,8,117,2
0,8,118,2
0,8,119,3
0,8,120,3
0,8,121,3
0,8,122,3
0,8,123,3
0,8,124,3
0,8,125,3
0,8,126,3
0,8,127,3
0,8,128,3
0,8,129,3
0,8,130,3
0,8,131,3
0,8,132,3
0,8,133,3
0,8,134,3
0,8,135,3
0,8,136,3
0,8,137,3
0,8,138,2
0,8,139,2
0,8,140,2
0,8,141,2
0,8,142,2
0,8,143,3
0,8,144,3
0,8,145,3
0,8,146,3
0,8,147,3
0,8,148,3
0,8,149,3
0,8,150,3
0,8,151,3
0,8,152,3
0,8,153,2
0,8,154,2
0,8,155,2
0,8,156,2
0,8,157,2
0,8,158,2
0,8,159,2
0,8,160,2
0,8,161,2
0,8,162,1
0,8,163,1
0,8,164,1
0,8,165,1
0,8,166,1
0,8,167,2
0,8,168,2
0,8,169,3
0,8,170,3
0,8,171,3
0,8,172,3
0,8,173,3
0,8,174,3
0,8,175,3
0,8,176,3
0,8,177,2
0,8,178,2
0,8,179,2
0,8,180,2
0,8,181,2
0,8,182,2
0,8,183,2
0,8,184,2
0,8,185,2
0,8,186,1
0,8,187,1
0,8,188,1
0,8,189,1
0,8,190,1
0,8,191,2
0,8,192,2
0,8,193,3
0,8,194,3
0,8,195,3
0,8,196,3
0,8,197,3
0,8,198,3
0,8,199,3
0,8,200,3
0,8,201,2
0,8,202,2
0,8,203,2
0,8,204,2
0,8,205,2
0,8,206,2
0,8,207,2
0,8,208,2
0,8,209,2
0,8,210,1
0,8,211,1
0,8,212,1
0,8,213,1
0,8,214,1
0,8,215,2
0,8,216,2
0,8,217,3
0,8,218,3
0,8,219,3
0,8,220,3
0,8,221,3
0,8,222,3
0,8,223,3
0,8,224,3
0,8,225,2
0,8,226,2
0,8,227,2
0,8,228,2
0,8,229,2
0,8,230,2
0,8,231,2
0,8,232,2
0,8,233,2
0,8,234,1
0,8,235,1
0,8,236,1
0,8,237,1
0,8,238,1
0,8,239,2
0,8,240,2
0,8,241,3
0,8,242,3
0,8,243,3
0,8,244,3
0,8,245,3
0,8,246,3
0,8,247,3
0,8,248,3
0,8,249,2
0,8,250,2
0,8,251,2
0,8,252,2
0,8,253,2
0,8,254,2
0,8,255,2
0,8,256,2
0,8,257,2
0,8,258,1
0,8,259,1
0,8,260,1
0,8,261,1
0,8,262,1
0,8,263,2
0,8,264,2
0,8,265,3
0,8,266,3
0,8,267,3
0,8,268,3
0,8,269,3
0,8,270,3
0,8,271,3
0,8,272,3
0,8,273,3
0,8,274,3
0,8,275,3
0,8,276,3
0,8,277,3
0,8,278,3
0,8,279,3
0,8,280,3
0,8,281,3
0,8,282,2
0,8,283,2
0,8,284,2
0,8,285,2
0,8,286,2
0,8,287,3
0,8,288,3
0,8,289,3
0,8,290,3
0,8,291,3
0,8,292,3
0,8,293,3
0,8,294,3
0,8,295,3
0,8,296,3
0,8,297,3
0,8,298,3
0,8,299,3
0,8,300,3
0,8,301,3
0,8,302,3
0,8,303,3
0,8,304,3
0,8,305,3
0,8,306,2
0,8,307,2
0,8,308,2
0,8,309,2
0,8,310,2
0,8,311,3
0,8,312,3
0,8,313,3
0,8,314,3
0,8,315,3
0,8,316,3
0,8,317,3
0,8,318,3
0,8,319,3
0,8,320,3
0,8,321,2
0,8,322,2
0,8,323,2
0,8,324,2
0,8,325,2
0,8,326,2
0,8,327,2
0,8,328,2
0,8,329,2
0,8,330,1
0,8,331,1
0,8,332,1
0,8,333,1
0,8,334,1
0,8,335,2
0,8,336,2
0,8,337,3
0,8,338,3
0,8,339,3
0,8,340,3
0,8,341,3
0,8,342,3
0,8,343,3
0,8,344,3
0,8,345,2
0,8,346,2
0,8,347,2
0,8,348,2
0,8,349,2
0,8,350,2
0,8,351,2
0,8,352,2
0,8,353,2
0,8,354,1
0,8,355,1
0,8,356,1
0,8,357,1
0,8,358,1
0,8,359,2
0,8,360,2
0,8,361,3
0,8,362,3
0,8,363,3
0,8,364,3
0,8,365,3
0,8,366,3
0,8,367,3
0,8,368,3
0,8,369,2
0,8,370,2
0,8,371,2
0,8,372,2
0,8,373,2
0,8,374,2
0,8,375,2
0,8,376,2
0,8,377,2
0,8,378,1
0,8,379,1
0,8,380,1
0,8,381,1
0,8,382,1
0,8,383,2
0,8,384,2
0,8,385,3
0,8,386,3
0,8,387,3
0,8,388,3
0,8,389,3
0,8,390,3
0,8,391,3
0,8,392,3
0,8,393,2
0,8,394,2
0,8,395,2
0,8,396,2
0,8,397,2
0,8,398,2
0,8,399,2
0,8,400,2
0,8,401,2
0,8,402,1
0,8,403,1
0,8,404,1
0,8,405,1
0,8,406,1
0,8,407,2
0,8,408,2
0,8,409,3
0,8,410,3
0,8,411,3
0,8,412,3
0,8,413,3
0,8,414,3
0,8,415,3
0,8,416,3
0,8,417,2
0,8,418,2
0,8,419,2
0,8,420,2
0,8,421,2
0,8,422,2
0,8,423,2
0,8,424,2
0,8,425,2
0,8,426,1
0,8,427,1
0,8,428,1
0,8,429,1
0,8,430,1
0,8,431,2
0,8,432,2
0,8,433,3
0,8,434,3
0,8,435,3
0,8,436,3
0,8,437,3
0,8,438,3
0,8,439,3
0,8,440,3
0,8,441,3
0,8,442,3
0,8,443,3
0,8,444,3
0,8,445,3
0,8,446,3
0,8,447,3
0,8,448,3
0,8,449,3
0,8,450,2
0,8,451,2
0,8,452,2
0,8,453,2
0,8,454,2
0,8,455,3
0,8,456,3
0,8,457,3
0,8,458,3
0,8,459,3
0,8,460,3
0,8,461,3
0,8,462,3
0,8,463,3
0,8,464,3
0,8,465,3
0,8,466,3
0,8,467,3
0,8,468,3
0,8,469,3
0,8,470,3
0,8,471,3
0,8,472,3
0,8,473,3
0,8,474,2
0,8,475,2
0,8,476,2
0,8,477,2
0,8,478,2
0,8,479,3
0,8,480,3
0,8,481,3
0,8,482,3
0,8,483,3
0,8,484,3
0,8,485,3
0,8,486,3
0,8,487,3
0,8,488,3
0,8,489,2
0,8,490,2
0,8,491,2
0,8,492,2
0,8,493,2
0,8,494,2
0,8,495,2
0,8,496,2
0,8,497,2
0,8,498,1
0,8,499,1
0,8,500,1
0,8,501,1
0,8,502,1
0,8,503,2
0,8,504,2
0,8,505,3
0,8,506,3
0,8,507,3
0,8,508,3
0,8,509,3
0,8,510,3
0,8,511,3
0,8,512,3
0,8,513,2
0,8,514,2
0,8,515,2
0,8,516,2
0,8,517,2
0,8,518,2
0,8,519,2
0,8,520,2
0,8,521,2
0,8,522,1
0,8,523,1
0,8,524,1
0,8,525,1
0,8,526,1
0,8,527,2
0,8,528,2
0,8,529,3
0,8,530,3
0,8,531,3
0,8,532,3
0,8,533,3
0,8,534,3
0,8,535,3
0,8,536,3
0,8,537,2
0,8,538,2
0,8,539,2
0,8,540,2
0,8,541,2
0,8,542,2
0,8,543,2
0,8,544,2
0,8,545,2
0,8,546,1
0,8,547,1
0,8,548,1
0,8,549,1
0,8,550,1
0,8,551,2
0,8,552,2
0,8,553,3
0,8,554,3
0,8,555,3
0,8,556,3
0,8,557,3
0,8,558,3
0,8,559,3
0,8,560,3
0,8,561,2
0,8,562,2
0,8,563,2
0,8,564,2
0,8,565,2
0,8,566,2
0,8,567,2
0,8,568,2
0,8,569,2
0,8,570,1
0,8,571,1
0,8,572,1
0,8,573,1
0,8,574,1
0,8,575,2
0,8,576,2
0,8,577,3
0,8,578,3
0,8,579,3
0,8,580,3
0,8,581,3
0,8,582,3
0,8,583,3
0,8,584,3
0,8,585,2
0,8,586,2
0,8,587,2
0,8,588,2
0,8,589,2
0,8,590,2
0,8,591,2
0,8,592,2
0,8,593,2
0,8,594,1
0,8,595,1
0,8,596,1
0,8,597,1
0,8,598,1
0,8,599,2
0,8,600,2
0,8,601,3
0,8,602,3
0,8,603,3
0,8,604,3
0,8,605,3
0,8,606,3
0,8,607,3
0,8,608,3
0,8,609,3
0,8,610,3
0,8,611,3
0,8,612,3
0,8,613,3
0,8,614,3
0,8,615,3
0,8,616,3
0,8,617,3
0,8,618,2
0,8,619,2
0,8,620,2
0,8,621,2
0,8,622,2
0,8,623,3
0,8,624,3
0,8,625,3
0,8,626,3
0,8,627,3
0,8,628,3
0,8,629,3
0,8,630,3
0,8,631,3
0,8,632,3
0,8,633,3
0,8,634,3
0,8,635,3
0,8,636,3
0,8,637,3
0,8,638,3
0,8,639,3
0,8,640,3
0,8,641,3
0,8,642,2
0,8,643,2
0,8,644,2
0,8,645,2
0,8,646,2
0,8,647,3
0,8,648,3
0,8,649,3
0,8,650,3
0,8,651,3
0,8,652,3
0,8,653,3
0,8,654,3
0,8,655,3
0,8,656,3
0,8,657,2
0,8,658,2
0,8,659,2
0,8,660,2
0,8,661,2
0,8,662,2
0,8,663,2
0,8,664,2
0,8,665,2
0,8,666,1
0,8,667,1
0,8,668,1
0,8,669,1
0,8,670,1
0,8,671,2
0,8,672,2
0,8,673,3
0,8,674,3
0,8,675,3
0,8,676,3
0,8,677,3
0,8,678,3
0,8,679,3
0,8,680,3
0,8,681,2
0,8,682,2
0,8,683,2
0,8,684,2
0,8,685,2
0,8,686,2
0,8,687,2
0,8,688,2
0,8,689,2
0,8,690,1
0,8,691,1
0,8,692,1
0,8,693,1
0,8,694,1
0,8,695,2
0,8,696,2
0,8,697,3
0,8,698,3
0,8,699,3
0,8,700,3
0,8,701,3
0,8,702,3
0,8,703,3
0,8,704,3
0,8,705,2
0,8,706,2
0,8,707,2
0,8,708,2
0,8,709,2
0,8,710,2
0,8,711,2
0,8,712,2
0,8,713,2
0,8,714,1
0,8,715,1
0,8,716,1
0,8,717,1
0,8,718,1
0,8,719,2
0,8,720,2
0,8,721,3
0,8,722,3
0,8,723,3
0,8,724,3
0,8,725,3
0,8,726,3
0,8,727,3
0,8,728,3
0,8,729,2
0,8,730,2
0,8,731,2
0,8,732,2
0,8,733,2
0,8,734,2
0,8,735,2
0,8,736,2
0,8,737,2
0,8,738,1
0,8,739,1
0,8,740,1
0,8,741,1
0,8,742,1
0,8,743,2
0,8,744,2
0,9,1,2
0,9,2,3
0,9,3,3
0,9,4,3
0,9,5,3
0,9,6,3
0,9,7,3
0,9,8,3
0,9,9,2
0,9,10,2
0,9,11,2
0,9,12,2
0,9,13,2
0,9,14,2
0,9,15,2
0,9,16,1
0,9,17,1
0,9,18,1
0,9,19,1
0,9,20,1
0,9,21,1
0,9,22,1
0,9,23,2
0,9,24,2
0,9,25,3
0,9,26,3
0,9,27,3
0,9,28,3
0,9,29,3
0,9,30,3
0,9,31,3
0,9,32,3
0,9,33,3
0,9,34,3
0,9,35,3
0,9,36,3
0,9,37,3
0,9,38,3
0,9,39,3
0,9,40,3
0,9,41,3
0,9,42,2
0,9,43,2
0,9,44,2
0,9,45,2
0,9,46,2
0,9,47,2
0,9,48,2
0,9,49,3
0,9,50,3
0,9,51,3
0,9,52,3
0,9,53,3
0,9,54,3
0,9,55,3
0,9,56,3
0,9,57,3
0,9,58,3
0,9,59,3
0,9,60,3
0,9,61,3
0,9,62,3
0,9,63,3
0,9,64,3
0,9,65,3
0,9,66,2
0,9,67,2
0,9,68,2
0,9,69,2
0,9,70,2
0,9,71,2
0,9,72,2
0,9,73,2
0,9,74,3
0,9,75,3
0,9,76,3
0,9,77,3
0,9,78,3
0,9,79,3
0,9,80,3
0,9,81,2
0,9,82,2
0,9,83,2
0,9,84,2
0,9,85,2
0,9,86,2
0,9,87,2
0,9,88,1
0,9,89,1
0,9,90,1
0,9,91,1
0,9,92,1
0,9,93,1
0,9,94,1
0,9,95,2
0,9,96,2
0,9,97,2
0,9,98,3
0,9,99,3
0,9,100,3
0,9,101,3
0,9,102,3
0,9,103,3
0,9,104,3
0,9,105,2
0,9,106,2
0,9,107,2
0,9,108,2
0,9,109,2
0,9,110,2
0,9,111,2
0,9,112,1
0,9,113,1
0,9,114,1
0,9,115,1
0,9,116,1
0,9,117,1
0,9,118,1
0,9,119,2
0,9,120,2
0,9,121,2
0,9,122,3
0,9,123,3
0,9,124,3
0,9,125,3
0,9,126,3
0,9,127,3
0,9,128,3
0,9,129,2
0,9,130,2
0,9,131,2
0,9,132,2
0,9,133,2
0,9,134,2
0,9,135,2
0,9,136,1
0,9,137,1
0,9,138,1
0,9,139,1
0,9,140,1
0,9,141,1
0,9,142,1
0,9,143,2
0,9,144,2
0,9,145,3
0,9,146,3
0,9,147,3
0,9,148,3
0,9,149,3
0,9,150,3
0,9,151,3
0,9,152,3
0,9,153,3
0,9,154,3
0,9,155,3
0,9,156,3
0,9,157,3
0,9,158,3
0,9,159,3
0,9,160,3
0,9,161,3
0,9,162,2
0,9,163,2
0,9,164,2
0,9,165,2
0,9,166,2
0,9,167,2
0,9,168,2
0,9,169,2
0,9,170,3
0,9,171,3
0,9,172,3
0,9,173,3
0,9,174,3
0,9,175,3
0,9,176,3
0,9,177,2
0,9,178,2
0,9,179,2
0,9,180,2
0,9,181,2
0,9,182,2
0,9,183,2
0,9,184,1
0,9,185,1
0,9,186,1
0,9,187,1
0,9,188,1
0,9,189,1
0,9,190,1
0,9,191,2
0,9,192,2
0,9,193,3
0,9,194,3
0,9,195,3
0,9,196,3
0,9,197,3
0,9,198,3
0,9,199,3
0,9,200,3
0,9,201,3
0,9,202,3
0,9,203,3
0,9,204,3
0,9,205,3
0,9,206,3
0,9,207,3
0,9,208,3
0,9,209,3
0,9,210,2
0,9,211,2
0,9,212,2
0,9,213,2
0,9,214,2
0,9,215,2
0,9,216,2
0,9,217,3
0,9,218,3
0,9,219,3
0,9,220,3
0,9,221,3
0,9,222,3
0,9,223,3
0,9,224,3
0,9,225,3
0,9,226,3
0,9,227,3
0,9,228,3
0,9,229,3
0,9,230,3
0,9,231,3
0,9,232,3
0,9,233,3
0,9,234,2
0,9,235,2
0,9,236,2
0,9,237,2
0,9,238,2
0,9,239,2
0,9,240,2
0,9,241,2
0,9,242,3
0,9,243,3
0,9,244,3
0,9,245,3
0,9,246,3
0,9,247,3
0,9,248,3
0,9,249,2
0,9,250,2
0,9,251,2
0,9,252,2
0,9,253,2
0,9,254,2
0,9,255,2
0,9,256,1
0,9,257,1
0,9,258,1
0,9,259,1
0,9,260,1
0,9,261,1
0,9,262,1
0,9,263,2
0,9,264,2
0,9,265,2
0,9,266,3
0,9,267,3
0,9,268,3
0,9,269,3
0,9,270,3
0,9,271,3
0,9,272,3
0,9,273,2
0,9,274,2
0,9,275,2
0,9,276,2
0,9,277,2
0,9,278,2
0,9,279,2
0,9,280,1
0,9,281,1
0,9,282,1
0,9,283,1
0,9,284,1
0,9,285,1
0,9,286,1
0,9,287,2
0,9,288,2
0,9,289,2
0,9,290,3
0,9,291,3
0,9,292,3
0,9,293,3
0,9,294,3
0,9,295,3
0,9,296,3
0,9,297,2
0,9,298,2
0,9,299,2
0,9,300,2
0,9,301,2
0,9,302,2
0,9,303,2
0,9,304,1
0,9,305,1
0,9,306,1
0,9,307,1
0,9,308,1
0,9,309,1
0,9,310,1
0,9,311,2
0,9,312,2
0,9,313,2
0,9,314,3
0,9,315,3
0,9,316,3
0,9,317,3
0,9,318,3
0,9,319,3
0,9,320,3
0,9,321,2
0,9,322,2
0,9,323,2
0,9,324,2
0,9,325,2
0,9,326,2
0,9,327,2
0,9,328,1
0,9,329,1
0,9,330,1
0,9,331,1
0,9,332,1
0,9,333,1
0,9,334,1
0,9,335,2
0,9,336,2
0,9,337,2
0,9,338,3
0,9,339,3
0,9,340,3
0,9,341,3
0,9,342,3
0,9,343,3
0,9,344,3
0,9,345,2
0,9,346,2
0,9,347,2
0,9,348,2
0,9,349,2
0,9,350,2
0,9,351,2
0,9,352,1
0,9,353,1
0,9,354,1
0,9,355,1
0,9,356,1
0,9,357,1
0,9,358,1
0,9,359,2
0,9,360,2
0,9,361,3
0,9,362,3
0,9,363,3
0,9,364,3
0,9,365,3
0,9,366,3
0,9,367,3
0,9,368,3
0,9,369,3
0,9,370,3
0,9,371,3
0,9,372,3
0,9,373,3
0,9,374,3
0,9,375,3
0,9,376,3
0,9,377,3
0,9,378,2
0,9,379,2
0,9,380,2
0,9,381,2
0,9,382,2
0,9,383,2
0,9,384,2
0,9,385,3
0,9,386,3
0,9,387,3
0,9,388,3
0,9,389,3
0,9,390,3
0,9,391,3
0,9,392,3
0,9,393,3
0,9,394,3
0,9,395,3
0,9,396,3
0,9,397,3
0,9,398,3
0,9,399,3
0,9,400,3
0,9,401,3
0,9,402,2
0,9,403,2
0,9,404,2
0,9,405,2
0,9,406,2
0,9,407,2
0,9,408,2
0,9,409,2
0,9,410,3
0,9,411,3
0,9,412,3
0,9,413,3
0,9,414,3
0,9,415,3
0,9,416,3
0,9,417,2
0,9,418,2
0,9,419,2
0,9,420,2
0,9,421,2
0,9,422,2
0,9,423,2
0,9,424,1
0,9,425,1
0,9,426,1
0,9,427,1
0,9,428,1
0,9,429,1
0,9,430,1
0,9,431,2
0,9,432,2
0,9,433,2
0,9,434,3
0,9,435,3
0,9,436,3
0,9,437,3
0,9,438,3
0,9,439,3
0,9,440,3
0,9,441,2
0,9,442,2
0,9,443,2
0,9,444,2
0,9,445,2
0,9,446,2
0,9,447,2
0,9,448,1
0,9,449,1
0,9,450,1
0,9,451,1
0,9,452,1
0,9,453,1
0,9,454,1
0,9,455,2
0,9,456,2
0,9,457,2
0,9,458,3
0,9,459,3
0,9,460,3
0,9,461,3
0,9,462,3
0,9,463,3
0,9,464,3
0,9,465,2
0,9,466,2
0,9,467,2
0,9,468,2
0,9,469,2
0,9,470,2
0,9,471,2
0,9,472,1
0,9,473,1
0,9,474,1
0,9,475,1
0,9,476,1
0,9,477,1
0,9,478,1
0,9,479,2
0,9,480,2
0,9,481,2
0,9,482,3
0,9,483,3
0,9,484,3
0,9,485,3
0,9,486,3
0,9,487,3
0,9,488,3
0,9,489,2
0,9,490,2
0,9,491,2
0,9,492,2
0,9,493,2
0,9,494,2
0,9,495,2
0,9,496,1
0,9,497,1
0,9,498,1
0,9,499,1
0,9,500,1
0,9,501,1
0,9,502,1
0,9,503,2
0,9,504,2
0,9,505,2
0,9,506,3
0,9,507,3
0,9,508,3
0,9,509,3
0,9,510,3
0,9,511,3
0,9,512,3
0,9,513,2
0,9,514,2
0,9,515,2
0,9,516,2
0,9,517,2
0,9,518,2
0,9,519,2
0,9,520,1
0,9,521,1
0,9,522,1
0,9,523,1
0,9,524,1
0,9,525,1
0,9,526,1
0,9,527,2
0,9,528,2
0,9,529,3
0,9,530,3
0,9,531,3
0,9,532,3
0,9,533,3
0,9,534,3
0,9,535,3
0,9,536,3
0,9,537,3
0,9,538,3
0,9,539,3
0,9,540,3
0,9,541,3
0,9,542,3
0,9,543,3
0,9,544,3
0,9,545,3
0,9,546,2
0,9,547,2
0,9,548,2
0,9,549,2
0,9,550,2
0,9,551,2
0,9,552,2
0,9,553,3
0,9,554,3
0,9,555,3
0,9,556,3
0,9,557,3
0,9,558,3
0,9,559,3
0,9,560,3
0,9,561,3
0,9,562,3
0,9,563,3
0,9,564,3
0,9,565,3
0,9,566,3
0,9,567,3
0,9,568,3
0,9,569,3
0,9,570,2
0,9,571,2
0,9,572,2
0,9,573,2
0,9,574,2
0,9,575,2
0,9,576,2
0,9,577,2
0,9,578,3
0,9,579,3
0,9,580,3
0,9,581,3
0,9,582,3
0,9,583,3
0,9,584,3
0,9,585,2
0,9,586,2
0,9,587,2
0,9,588,2
0,9,589,2
0,9,590,2
0,9,591,2
0,9,592,1
0,9,593,1
0,9,594,1
0,9,595,1
0,9,596,1
0,9,597,1
0,9,598,1
0,9,599,2
0,9,600,2
0,9,601,2
0,9,602,3
0,9,603,3
0,9,604,3
0,9,605,3
0,9,606,3
0,9,607,3
0,9,608,3
0,9,609,2
0,9,610,2
0,9,611,2
0,9,612,2
0,9,613,2
0,9,614,2
0,9,615,2
0,9,616,1
0,9,617,1
0,9,618,1
0,9,619,1
0,9,620,1
0,9,621,1
0,9,622,1
0,9,623,2
0,9,624,2
0,9,625,2
0,9,626,3
0,9,627,3
0,9,628,3
0,9,629,3
0,9,630,3
0,9,631,3
0,9,632,3
0,9,633,2
0,9,634,2
0,9,635,2
0,9,636,2
0,9,637,2
0,9,638,2
0,9,639,2
0,9,640,1
0,9,641,1
0,9,642,1
0,9,643,1
0,9,644,1
0,9,645,1
0,9,646,1
0,9,647,2
0,9,648,2
0,9,649,2
0,9,650,3
0,9,651,3
0,9,652,3
0,9,653,3
0,9,654,3
0,9,655,3
0,9,656,3
0,9,657,2
0,9,658,2
0,9,659,2
0,9,660,2
0,9,661,2
0,9,662,2
0,9,663,2
0,9,664,1
0,9,665,1
0,9,666,1
0,9,667,1
0,9,668,1
0,9,669,1
0,9,670,1
0,9,671,2
0,9,672,2
0,9,673,2
0,9,674,3
0,9,675,3
0,9,676,3
0,9,677,3
0,9,678,3
0,9,679,3
0,9,680,3
0,9,681,2
0,9,682,2
0,9,683,2
0,9,684,2
0,9,685,2
0,9,686,2
0,9,687,2
0,9,688,1
0,9,689,1
0,9,690,1
0,9,691,1
0,9,692,1
0,9,693,1
0,9,694,1
0,9,695,2
0,9,696,2
0,9,697,3
0,9,698,3
0,9,699,3
0,9,700,3
0,9,701,3
0,9,702,3
0,9,703,3
0,9,704,3
0,9,705,3
0,9,706,3
0,9,707,3
0,9,708,3
0,9,709,3
0,9,710,3
0,9,711,3
0,9,712,3
0,9,713,3
0,9,714,2
0,9,715,2
0,9,716,2
0,9,717,2
0,9,718,2
0,9,719,2
0,9,720,2
0,10,1,3
0,10,2,3
0,10,3,3
0,10,4,3
0,10,5,3
0,10,6,3
0,10,7,3
0,10,8,3
0,10,9,3
0,10,10,3
0,10,11,3
0,10,12,3
0,10,13,3
0,10,14,3
0,10,15,3
0,10,16,3
0,10,17,3
0,10,18,2
0,10,19,2
0,10,20,2
0,10,21,2
0,10,22,2
0,10,23,2
0,10,24,2
0,10,25,2
0,10,26,3
0,10,27,3
0,10,28,3
0,10,29,3
0,10,30,3
0,10,31,3
0,10,32,3
0,10,33,2
0,10,34,2
0,10,35,2
0,10,36,2
0,10,37,2
0,10,38,2
0,10,39,2
0,10,40,1
0,10,41,1
0,10,42,1
0,10,43,1
0,10,44,1
0,10,45,1
0,10,46,1
0,10,47,2
0,10,48,2
0,10,49,2
0,10,50,3
0,10,51,3
0,10,52,3
0,10,53,3
0,10,54,3
0,10,55,3
0,10,56,3
0,10,57,2
0,10,58,2
0,10,59,2
0,10,60,2
0,10,61,2
0,10,62,2
0,10,63,2
0,10,64,1
0,10,65,1
0,10,66,1
0,10,67,1
0,10,68,1
0,10,69,1
0,10,70,1
0,10,71,2
0,10,72,2
0,10,73,2
0,10,74,3
0,10,75,3
0,10,76,3
0,10,77,3
0,10,78,3
0,10,79,3
0,10,80,3
0,10,81,2
0,10,82,2
0,10,83,2
0,10,84,2
0,10,85,2
0,10,86,2
0,10,87,2
0,10,88,1
0,10,89,1
0,10,90,1
0,10,91,1
0,10,92,1
0,10,93,1
0,10,94,1
0,10,95,2
0,10,96,2
0,10,97,2
0,10,98,3
0,10,99,3
0,10,100,3
0,10,101,3
0,10,102,3
0,10,103,3
0,10,104,3
0,10,105,2
0,10,106,2
0,10,107,2
0,10,108,2
0,10,109,2
0,10,110,2
0,10,111,2
0,10,112,1
0,10,113,1
0,10,114,1
0,10,115,1
0,10,116,1
0,10,117,1
0,10,118,1
0,10,119,2
0,10,120,2
0,10,121,2
0,10,122,3
0,10,123,3
0,10,124,3
0,10,125,3
0,10,126,3
0,10,127,3
0,10,128,3
0,10,129,2
0,10,130,2
0,10,131,2
0,10,132,2
0,10,133,2
0,10,134,2
0,10,135,2
0,10,136,1
0,10,137,1
0,10,138,1
0,10,139,1
0,10,140,1
0,10,141,1
0,10,142,1
0,10,143,2
0,10,144,2
0,10,145,3
0,10,146,3
0,10,147,3
0,10,148,3
0,10,149,3
0,10,150,3
0,10,151,3
0,10,152,3
0,10,153,3
0,10,154,3
0,10,155,3
0,10,156,3
0,10,157,3
0,10,158,3
0,10,159,3
0,10,160,3
0,10,161,3
0,10,162,2
0,10,163,2
0,10,164,2
0,10,165,2
0,10,166,2
0,10,167,2
0,10,168,2
0,10,169,3
0,10,170,3
0,10,171,3
0,10,172,3
0,10,173,3
0,10,174,3
0,10,175,3
0,10,176,3
0,10,177,3
0,10,178,3
0,10,179,3
0,10,180,3
0,10,181,3
0,10,182,3
0,10,183,3
0,10,184,3
0,10,185,3
0,10,186,2
0,10,187,2
0,10,188,2
0,10,189,2
0,10,190,2
0,10,191,2
0,10,192,2
0,10,193,2
0,10,194,3
0,10,195,3
0,10,196,3
0,10,197,3
0,10,198,3
0,10,199,3
0,10,200,3
0,10,201,2
0,10,202,2
0,10,203,2
0,10,204,2
0,10,205,2
0,10,206,2
0,10,207,2
0,10,208,1
0,10,209,1
0,10,210,1
0,10,211,1
0,10,212,1
0,10,213,1
0,10,214,1
0,10,215,2
0,10,216,2
0,10,217,2
0,10,218,3
0,10,219,3
0,10,220,3
0,10,221,3
0,10,222,3
0,10,223,3
0,10,224,3
0,10,225,2
0,10,226,2
0,10,227,2
0,10,228,2
0,10,229,2
0,10,230,2
0,10,231,2
0,10,232,1
0,10,233,1
0,10,234,1
0,10,235,1
0,10,236,1
0,10,237,1
0,10,238,1
0,10,239,2
0,10,240,2
0,10,241,2
0,10,242,3
0,10,243,3
0,10,244,3
0,10,245,3
0,10,246,3
0,10,247,3
0,10,248,3
0,10,249,2
0,10,250,2
0,10,251,2
0,10,252,2
0,10,253,2
0,10,254,2
0,10,255,2
0,10,256,1
0,10,257,1
0,10,258,1
0,10,259,1
0,10,260,1
0,10,261,1
0,10,262,1
0,10,263,2
0,10,264,2
0,10,265,3
0,10,266,3
0,10,267,3
0,10,268,3
0,10,269,3
0,10,270,3
0,10,271,3
0,10,272,3
0,10,273,3
0,10,274,3
0,10,275,3
0,10,276,3
0,10,277,3
0,10,278,3
0,10,279,3
0,10,280,3
0,10,281,3
0,10,282,2
0,10,283,2
0,10,284,2
0,10,285,2
0,10,286,2
0,10,287,2
0,10,288,2
0,10,289,2
0,10,290,3
0,10,291,3
0,10,292,3
0,10,293,3
0,10,294,3
0,10,295,3
0,10,296,3
0,10,297,2
0,10,298,2
0,10,299,2
0,10,300,2
0,10,301,2
0,10,302,2
0,10,303,2
0,10,304,1
0,10,305,1
0,10,306,1
0,10,307,1
0,10,308,1
0,10,309,1
0,10,310,1
0,10,311,2
0,10,312,2
0,10,313,3
0,10,314,3
0,10,315,3
0,10,316,3
0,10,317,3
0,10,318,3
0,10,319,3
0,10,320,3
0,10,321,3
0,10,322,3
0,10,323,3
0,10,324,3
0,10,325,3
0,10,326,3
0,10,327,3
0,10,328,3
0,10,329,3
0,10,330,2
0,10,331,2
0,10,332,2
0,10,333,2
0,10,334,2
0,10,335,2
0,10,336,2
0,10,337,3
0,10,338,3
0,10,339,3
0,10,340,3
0,10,341,3
0,10,342,3
0,10,343,3
0,10,344,3
0,10,345,3
0,10,346,3
0,10,347,3
0,10,348,3
0,10,349,3
0,10,350,3
0,10,351,3
0,10,352,3
0,10,353,3
0,10,354,2
0,10,355,2
0,10,356,2
0,10,357,2
0,10,358,2
0,10,359,2
0,10,360,2
0,10,361,2
0,10,362,3
0,10,363,3
0,10,364,3
0,10,365,3
0,10,366,3
0,10,367,3
0,10,368,3
0,10,369,2
0,10,370,2
0,10,371,2
0,10,372,2
0,10,373,2
0,10,374,2
0,10,375,2
0,10,376,1
0,10,377,1
0,10,378,1
0,10,379,1
0,10,380,1
0,10,381,1
0,10,382,1
0,10,383,2
0,10,384,2
0,10,385,2
0,10,386,3
0,10,387,3
0,10,388,3
0,10,389,3
0,10,390,3
0,10,391,3
0,10,392,3
0,10,393,2
0,10,394,2
0,10,395,2
0,10,396,2
0,10,397,2
0,10,398,2
0,10,399,2
0,10,400,1
0,10,401,1
0,10,402,1
0,10,403,1
0,10,404,1
0,10,405,1
0,10,406,1
0,10,407,2
0,10,408,2
0,10,409,2
0,10,410,3
0,10,411,3
0,10,412,3
0,10,413,3
0,10,414,3
0,10,415,3
0,10,416,3
0,10,417,2
0,10,418,2
0,10,419,2
0,10,420,2
0,10,421,2
0,10,422,2
0,10,423,2
0,10,424,1
0,10,425,1
0,10,426,1
0,10,427,1
0,10,428,1
0,10,429,1
0,10,430,1
0,10,431,2
0,10,432,2
0,10,433,2
0,10,434,3
0,10,435,3
0,10,436,3
0,10,437,3
0,10,438,3
0,10,439,3
0,10,440,3
0,10,441,2
0,10,442,2
0,10,443,2
0,10,444,2
0,10,445,2
0,10,446,2
0,10,447,2
0,10,448,1
0,10,449,1
0,10,450,1
0,10,451,1
0,10,452,1
0,10,453,1
0,10,454,1
0,10,455,2
0,10,456,2
0,10,457,2
0,10,458,3
0,10,459,3
0,10,460,3
0,10,461,3
0,10,462,3
0,10,463,3
0,10,464,3
0,10,465,2
0,10,466,2
0,10,467,2
0,10,468,2
0,10,469,2
0,10,470,2
0,10,471,2
0,10,472,1
0,10,473,1
0,10,474,1
0,10,475,1
0,10,476,1
0,10,477,1
0,10,478,1
0,10,479,2
0,10,480,2
0,10,481,3
0,10,482,3
0,10,483,3
0,10,484,3
0,10,485,3
0,10,486,3
0,10,487,3
0,10,488,3
0,10,489,3
0,10,490,3
0,10,491,3
0,10,492,3
0,10,493,3
0,10,494,3
0,10,495,3
0,10,496,3
0,10,497,3
0,10,498,2
0,10,499,2
0,10,500,2
0,10,501,2
0,10,502,2
0,10,503,2
0,10,504,2
0,10,505,3
0,10,506,3
0,10,507,3
0,10,508,3
0,10,509,3
0,10,510,3
0,10,511,3
0,10,512,3
0,10,513,3
0,10,514,3
0,10,515,3
0,10,516,3
0,10,517,3
0,10,518,3
0,10,519,3
0,10,520,3
0,10,521,3
0,10,522,2
0,10,523,2
0,10,524,2
0,10,525,2
0,10,526,2
0,10,527,2
0,10,528,2
0,10,529,2
0,10,530,3
0,10,531,3
0,10,532,3
0,10,533,3
0,10,534,3
0,10,535,3
0,10,536,3
0,10,537,2
0,10,538,2
0,10,539,2
0,10,540,2
0,10,541,2
0,10,542,2
0,10,543,2
0,10,544,1
0,10,545,1
0,10,546,1
0,10,547,1
0,10,548,1
0,10,549,1
0,10,550,1
0,10,551,2
0,10,552,2
0,10,553,2
0,10,554,3
0,10,555,3
0,10,556,3
0,10,557,3
0,10,558,3
0,10,559,3
0,10,560,3
0,10,561,2
0,10,562,2
0,10,563,2
0,10,564,2
0,10,565,2
0,10,566,2
0,10,567,2
0,10,568,1
0,10,569,1
0,10,570,1
0,10,571,1
0,10,572,1
0,10,573,1
0,10,574,1
0,10,575,2
0,10,576,2
0,10,577,2
0,10,578,3
0,10,579,3
0,10,580,3
0,10,581,3
0,10,582,3
0,10,583,3
0,10,584,3
0,10,585,2
0,10,586,2
0,10,587,2
0,10,588,2
0,10,589,2
0,10,590,2
0,10,591,2
0,10,592,1
0,10,593,1
0,10,594,1
0,10,595,1
0,10,596,1
0,10,597,1
0,10,598,1
0,10,599,2
0,10,600,2
0,10,601,2
0,10,602,3
0,10,603,3
0,10,604,3
0,10,605,3
0,10,606,3
0,10,607,3
0,10,608,3
0,10,609,2
0,10,610,2
0,10,611,2
0,10,612,2
0,10,613,2
0,10,614,2
0,10,615,2
0,10,616,1
0,10,617,1
0,10,618,1
0,10,619,1
0,10,620,1
0,10,621,1
0,10,622,1
0,10,623,2
0,10,624,2
0,10,625,2
0,10,626,3
0,10,627,3
0,10,628,3
0,10,629,3
0,10,630,3
0,10,631,3
0,10,632,3
0,10,633,2
0,10,634,2
0,10,635,2
0,10,636,2
0,10,637,2
0,10,638,2
0,10,639,2
0,10,640,1
0,10,641,1
0,10,642,1
0,10,643,1
0,10,644,1
0,10,645,1
0,10,646,1
0,10,647,2
0,10,648,2
0,10,649,3
0,10,650,3
0,10,651,3
0,10,652,3
0,10,653,3
0,10,654,3
0,10,655,3
0,10,656,3
0,10,657,3
0,10,658,3
0,10,659,3
0,10,660,3
0,10,661,3
0,10,662,3
0,10,663,3
0,10,664,3
0,10,665,3
0,10,666,2
0,10,667,2
0,10,668,2
0,10,669,2
0,10,670,2
0,10,671,2
0,10,672,2
0,10,673,3
0,10,674,3
0,10,675,3
0,10,676,3
0,10,677,3
0,10,678,3
0,10,679,3
0,10,680,3
0,10,681,3
0,10,682,3
0,10,683,3
0,10,684,3
0,10,685,3
0,10,686,3
0,10,687,3
0,10,688,3
0,10,689,3
0,10,690,2
0,10,691,2
0,10,692,2
0,10,693,2
0,10,694,2
0,10,695,2
0,10,696,2
0,10,697,2
0,10,698,3
0,10,699,3
0,10,700,3
0,10,701,3
0,10,702,3
0,10,703,3
0,10,704,3
0,10,705,2
0,10,706,2
0,10,707,2
0,10,708,2
0,10,709,2
0,10,710,2
0,10,711,2
0,10,712,1
0,10,713,1
0,10,714,1
0,10,715,1
0,10,716,1
0,10,717,1
0,10,718,1
0,10,719,2
0,10,720,2
0,10,721,2
0,10,722,3
0,10,723,3
0,10,724,3
0,10,725,3
0,10,726,3
0,10,727,3
0,10,728,3
0,10,729,2
0,10,730,2
0,10,731,2
0,10,732,2
0,10,733,2
0,10,734,2
0,10,735,2
0,10,736,1
0,10,737,1
0,10,738,1
0,10,739,1
0,10,740,1
0,10,741,1
0,10,742,1
0,10,743,2
0,10,744,2
0,11,1,2
0,11,2,3
0,11,3,3
0,11,4,3
0,11,5,3
0,11,6,3
0,11,7,3
0,11,8,3
0,11,9,2
0,11,10,2
0,11,11,2
0,11,12,2
0,11,13,2
0,11,14,2
0,11,15,2
0,11,16,1
0,11,17,1
0,11,18,1
0,11,19,1
0,11,20,1
0,11,21,1
0,11,22,1
0,11,23,1
0,11,24,2
0,11,25,2
0,11,26,3
0,11,27,3
0,11,28,3
0,11,29,3
0,11,30,3
0,11,31,3
0,11,32,3
0,11,33,3
0,11,34,3
0,11,35,3
0,11,36,3
0,11,37,3
0,11,38,3
0,11,39,3
0,11,40,3
0,11,41,3
0,11,42,3
0,11,43,2
0,11,44,2
0,11,45,2
0,11,46,2
0,11,47,2
0,11,48,2
0,11,49,2
0,11,50,3
0,11,51,3
0,11,52,3
0,11,53,3
0,11,54,3
0,11,55,3
0,11,56,3
0,11,57,2
0,11,58,2
0,11,59,2
0,11,60,2
0,11,61,2
0,11,62,2
0,11,63,2
0,11,64,1
0,11,65,1
0,11,66,1
0,11,67,1
0,11,68,1
0,11,69,1
0,11,70,1
0,11,71,1
0,11,72,2
0,11,73,2
0,11,74,3
0,11,75,3
0,11,76,3
0,11,77,3
0,11,78,3
0,11,79,3
0,11,80,3
0,11,81,3
0,11,82,3
0,11,83,3
0,11,84,3
0,11,85,3
0,11,86,3
0,11,87,3
0,11,88,3
0,11,89,3
0,11,90,3
0,11,91,2
0,11,92,2
0,11,93,2
0,11,94,2
0,11,95,2
0,11,96,2
0,11,97,2
0,11,98,3
0,11,99,3
0,11,100,3
0,11,101,3
0,11,102,3
0,11,103,3
0,11,104,3
0,11,105,3
0,11,106,3
0,11,107,3
0,11,108,3
0,11,109,3
0,11,110,3
0,11,111,3
0,11,112,3
0,11,113,3
0,11,114,3
0,11,115,2
0,11,116,2
0,11,117,2
0,11,118,2
0,11,119,2
0,11,120,2
0,11,121,2
0,11,122,3
0,11,123,3
0,11,124,3
0,11,125,3
0,11,126,3
0,11,127,3
0,11,128,3
0,11,129,2
0,11,130,2
0,11,131,2
0,11,132,2
0,11,133,2
0,11,134,2
0,11,135,2
0,11,136,1
0,11,137,1
0,11,138,1
0,11,139,1
0,11,140,1
0,11,141,1
0,11,142,1
0,11,143,1
0,11,144,2
0,11,145,2
0,11,146,3
0,11,147,3
0,11,148,3
0,11,149,3
0,11,150,3
0,11,151,3
0,11,152,3
0,11,153,2
0,11,154,2
0,11,155,2
0,11,156,2
0,11,157,2
0,11,158,2
0,11,159,2
0,11,160,1
0,11,161,1
0,11,162,1
0,11,163,1
0,11,164,1
0,11,165,1
0,11,166,1
0,11,167,1
0,11,168,2
0,11,169,2
0,11,170,3
0,11,171,3
0,11,172,3
0,11,173,3
0,11,174,3
0,11,175,3
0,11,176,3
0,11,177,2
0,11,178,2
0,11,179,2
0,11,180,2
0,11,181,2
0,11,182,2
0,11,183,2
0,11,184,1
0,11,185,1
0,11,186,1
0,11,187,1
0,11,188,1
0,11,189,1
0,11,190,1
0,11,191,1
0,11,192,2
0,11,193,2
0,11,194,3
0,11,195,3
0,11,196,3
0,11,197,3
0,11,198,3
0,11,199,3
0,11,200,3
0,11,201,2
0,11,202,2
0,11,203,2
0,11,204,2
0,11,205,2
0,11,206,2
0,11,207,2
0,11,208,1
0,11,209,1
0,11,210,1
0,11,211,1
0,11,212,1
0,11,213,1
0,11,214,1
0,11,215,1
0,11,216,2
0,11,217,2
0,11,218,3
0,11,219,3
0,11,220,3
0,11,221,3
0,11,222,3
0,11,223,3
0,11,224,3
0,11,225,2
0,11,226,2
0,11,227,2
0,11,228,2
0,11,229,2
0,11,230,2
0,11,231,2
0,11,232,1
0,11,233,1
0,11,234,1
0,11,235,1
0,11,236,1
0,11,237,1
0,11,238,1
0,11,239,1
0,11,240,2
0,11,241,2
0,11,242,3
0,11,243,3
0,11,244,3
0,11,245,3
0,11,246,3
0,11,247,3
0,11,248,3
0,11,249,3
0,11,250,3
0,11,251,3
0,11,252,3
0,11,253,3
0,11,254,3
0,11,255,3
0,11,256,3
0,11,257,3
0,11,258,3
0,11,259,2
0,11,260,2
0,11,261,2
0,11,262,2
0,11,263,2
0,11,264,2
0,11,265,2
0,11,266,3
0,11,267,3
0,11,268,3
0,11,269,3
0,11,270,3
0,11,271,3
0,11,272,3
0,11,273,3
0,11,274,3
0,11,275,3
0,11,276,3
0,11,277,3
0,11,278,3
0,11,279,3
0,11,280,3
0,11,281,3
0,11,282,3
0,11,283,2
0,11,284,2
0,11,285,2
0,11,286,2
0,11,287,2
0,11,288,2
0,11,289,2
0,11,290,3
0,11,291,3
0,11,292,3
0,11,293,3
0,11,294,3
0,11,295,3
0,11,296,3
0,11,297,2
0,11,298,2
0,11,299,2
0,11,300,2
0,11,301,2
0,11,302,2
0,11,303,2
0,11,304,1
0,11,305,1
0,11,306,1
0,11,307,1
0,11,308,1
0,11,309,1
0,11,310,1
0,11,311,1
0,11,312,2
0,11,313,2
0,11,314,3
0,11,315,3
0,11,316,3
0,11,317,3
0,11,318,3
0,11,319,3
0,11,320,3
0,11,321,2
0,11,322,2
0,11,323,2
0,11,324,2
0,11,325,2
0,11,326,2
0,11,327,2
0,11,328,1
0,11,329,1
0,11,330,1
0,11,331,1
0,11,332,1
0,11,333,1
0,11,334,1
0,11,335,1
0,11,336,2
0,11,337,2
0,11,338,3
0,11,339,3
0,11,340,3
0,11,341,3
0,11,342,3
0,11,343,3
0,11,344,3
0,11,345,3
0,11,346,3
0,11,347,3
0,11,348,3
0,11,349,3
0,11,350,3
0,11,351,3
0,11,352,3
0,11,353,3
0,11,354,3
0,11,355,2
0,11,356,2
0,11,357,2
0,11,358,2
0,11,359,2
0,11,360,2
0,11,361,2
0,11,362,3
0,11,363,3
0,11,364,3
0,11,365,3
0,11,366,3
0,11,367,3
0,11,368,3
0,11,369,2
0,11,370,2
0,11,371,2
0,11,372,2
0,11,373,2
0,11,374,2
0,11,375,2
0,11,376,1
0,11,377,1
0,11,378,1
0,11,379,1
0,11,380,1
0,11,381,1
0,11,382,1
0,11,383,1
0,11,384,2
0,11,385,2
0,11,386,3
0,11,387,3
0,11,388,3
0,11,389,3
0,11,390,3
0,11,391,3
0,11,392,3
0,11,393,2
0,11,394,2
0,11,395,2
0,11,396,2
0,11,397,2
0,11,398,2
0,11,399,2
0,11,400,1
0,11,401,1
0,11,402,1
0,11,403,1
0,11,404,1
0,11,405,1
0,11,406,1
0,11,407,1
0,11,408,2
0,11,409,2
0,11,410,3
0,11,411,3
0,11,412,3
0,11,413,3
0,11,414,3
0,11,415,3
0,11,416,3
0,11,417,3
0,11,418,3
0,11,419,3
0,11,420,3
0,11,421,3
0,11,422,3
0,11,423,3
0,11,424,3
0,11,425,3
0,11,426,3
0,11,427,2
0,11,428,2
0,11,429,2
0,11,430,2
0,11,431,2
0,11,432,2
0,11,433,2
0,11,434,3
0,11,435,3
0,11,436,3
0,11,437,3
0,11,438,3
0,11,439,3
0,11,440,3
0,11,441,3
0,11,442,3
0,11,443,3
0,11,444,3
0,11,445,3
0,11,446,3
0,11,447,3
0,11,448,3
0,11,449,3
0,11,450,3
0,11,451,2
0,11,452,2
0,11,453,2
0,11,454,2
0,11,455,2
0,11,456,2
0,11,457,2
0,11,458,3
0,11,459,3
0,11,460,3
0,11,461,3
0,11,462,3
0,11,463,3
0,11,464,3
0,11,465,2
0,11,466,2
0,11,467,2
0,11,468,2
0,11,469,2
0,11,470,2
0,11,471,2
0,11,472,1
0,11,473,1
0,11,474,1
0,11,475,1
0,11,476,1
0,11,477,1
0,11,478,1
0,11,479,1
0,11,480,2
0,11,481,2
0,11,482,3
0,11,483,3
0,11,484,3
0,11,485,3
0,11,486,3
0,11,487,3
0,11,488,3
0,11,489,2
0,11,490,2
0,11,491,2
0,11,492,2
0,11,493,2
0,11,494,2
0,11,495,2
0,11,496,1
0,11,497,1
0,11,498,1
0,11,499,1
0,11,500,1
0,11,501,1
0,11,502,1
0,11,503,1
0,11,504,2
0,11,505,2
0,11,506,3
0,11,507,3
0,11,508,3
0,11,509,3
0,11,510,3
0,11,511,3
0,11,512,3
0,11,513,2
0,11,514,2
0,11,515,2
0,11,516,2
0,11,517,2
0,11,518,2
0,11,519,2
0,11,520,1
0,11,521,1
0,11,522,1
0,11,523,1
0,11,524,1
0,11,525,1
0,11,526,1
0,11,527,1
0,11,528,2
0,11,529,2
0,11,530,3
0,11,531,3
0,11,532,3
0,11,533,3
0,11,534,3
0,11,535,3
0,11,536,3
0,11,537,2
0,11,538,2
0,11,539,2
0,11,540,2
0,11,541,2
0,11,542,2
0,11,543,2
0,11,544,1
0,11,545,1
0,11,546,1
0,11,547,1
0,11,548,1
0,11,549,1
0,11,550,1
0,11,551,1
0,11,552,2
0,11,553,2
0,11,554,3
0,11,555,3
0,11,556,3
0,11,557,3
0,11,558,3
0,11,559,3
0,11,560,3
0,11,561,2
0,11,562,2
0,11,563,2
0,11,564,2
0,11,565,2
0,11,566,2
0,11,567,2
0,11,568,1
0,11,569,1
0,11,570,1
0,11,571,1
0,11,572,1
0,11,573,1
0,11,574,1
0,11,575,1
0,11,576,2
0,11,577,2
0,11,578,3
0,11,579,3
0,11,580,3
0,11,581,3
0,11,582,3
0,11,583,3
0,11,584,3
0,11,585,3
0,11,586,3
0,11,587,3
0,11,588,3
0,11,589,3
0,11,590,3
0,11,591,3
0,11,592,3
0,11,593,3
0,11,594,3
0,11,595,2
0,11,596,2
0,11,597,2
0,11,598,2
0,11,599,2
0,11,600,2
0,11,601,2
0,11,602,3
0,11,603,3
0,11,604,3
0,11,605,3
0,11,606,3
0,11,607,3
0,11,608,3
0,11,609,3
0,11,610,3
0,11,611,3
0,11,612,3
0,11,613,3
0,11,614,3
0,11,615,3
0,11,616,3
0,11,617,3
0,11,618,3
0,11,619,2
0,11,620,2
0,11,621,2
0,11,622,2
0,11,623,2
0,11,624,2
0,11,625,2
0,11,626,3
0,11,627,3
0,11,628,3
0,11,629,3
0,11,630,3
0,11,631,3
0,11,632,3
0,11,633,2
0,11,634,2
0,11,635,2
0,11,636,2
0,11,637,2
0,11,638,2
0,11,639,2
0,11,640,1
0,11,641,1
0,11,642,1
0,11,643,1
0,11,644,1
0,11,645,1
0,11,646,1
0,11,647,1
0,11,648,2
0,11,649,2
0,11,650,3
0,11,651,3
0,11,652,3
0,11,653,3
0,11,654,3
0,11,655,3
0,11,656,3
0,11,657,2
0,11,658,2
0,11,659,2
0,11,660,2
0,11,661,2
0,11,662,2
0,11,663,2
0,11,664,1
0,11,665,1
0,11,666,1
0,11,667,1
0,11,668,1
0,11,669,1
0,11,670,1
0,11,671,1
0,11,672,2
0,11,673,2
0,11,674,3
0,11,675,3
0,11,676,3
0,11,677,3
0,11,678,3
0,11,679,3
0,11,680,3
0,11,681,2
0,11,682,2
0,11,683,2
0,11,684,2
0,11,685,2
0,11,686,2
0,11,687,2
0,11,688,1
0,11,689,1
0,11,690,1
0,11,691,1
0,11,692,1
0,11,693,1
0,11,694,1
0,11,695,1
0,11,696,2
0,11,697,2
0,11,698,3
0,11,699,3
0,11,700,3
0,11,701,3
0,11,702,3
0,11,703,3
0,11,704,3
0,11,705,2
0,11,706,2
0,11,707,2
0,11,708,2
0,11,709,2
0,11,710,2
0,11,711,2
0,11,712,1
0,11,713,1
0,11,714,1
0,11,715,1
0,11,716,1
0,11,717,1
0,11,718,1
0,11,719,1
0,11,720,2
0,12,1,2
0,12,2,3
0,12,3,3
0,12,4,3
0,12,5,3
0,12,6,3
0,12,7,3
0,12,8,3
0,12,9,2
0,12,10,2
0,12,11,2
0,12,12,2
0,12,13,2
0,12,14,2
0,12,15,2
0,12,16,1
0,12,17,1
0,12,18,1
0,12,19,1
0,12,20,1
0,12,21,1
0,12,22,1
0,12,23,1
0,12,24,2
0,12,25,2
0,12,26,3
0,12,27,3
0,12,28,3
0,12,29,3
0,12,30,3
0,12,31,3
0,12,32,3
0,12,33,3
0,12,34,3
0,12,35,3
0,12,36,3
0,12,37,3
0,12,38,3
0,12,39,3
0,12,40,3
0,12,41,3
0,12,42,3
0,12,43,2
0,12,44,2
0,12,45,2
0,12,46,2
0,12,47,2
0,12,48,2
0,12,49,2
0,12,50,3
0,12,51,3
0,12,52,3
0,12,53,3
0,12,54,3
0,12,55,3
0,12,56,3
0,12,57,3
0,12,58,3
0,12,59,3
0,12,60,3
0,12,61,3
0,12,62,3
0,12,63,3
0,12,64,3
0,12,65,3
0,12,66,3
0,12,67,2
0,12,68,2
0,12,69,2
0,12,70,2
0,12,71,2
0,12,72,2
0,12,73,2
0,12,74,3
0,12,75,3
0,12,76,3
0,12,77,3
0,12,78,3
0,12,79,3
0,12,80,3
0,12,81,2
0,12,82,2
0,12,83,2
0,12,84,2
0,12,85,2
0,12,86,2
0,12,87,2
0,12,88,1
0,12,89,1
0,12,90,1
0,12,91,1
0,12,92,1
0,12,93,1
0,12,94,1
0,12,95,1
0,12,96,2
0,12,97,2
0,12,98,3
0,12,99,3
0,12,100,3
0,12,101,3
0,12,102,3
0,12,103,3
0,12,104,3
0,12,105,2
0,12,106,2
0,12,107,2
0,12,108,2
0,12,109,2
0,12,110,2
0,12,111,2
0,12,112,1
0,12,113,1
0,12,114,1
0,12,115,1
0,12,116,1
0,12,117,1
0,12,118,1
0,12,119,1
0,12,120,2
0,12,121,2
0,12,122,3
0,12,123,3
0,12,124,3
0,12,125,3
0,12,126,3
0,12,127,3
0,12,128,3
0,12,129,2
0,12,130,2
0,12,131,2
0,12,132,2
0,12,133,2
0,12,134,2
0,12,135,2
0,12,136,1
0,12,137,1
0,12,138,1
0,12,139,1
0,12,140,1
0,12,141,1
0,12,142,1
0,12,143,1
0,12,144,2
0,12,145,2
0,12,146,3
0,12,147,3
0,12,148,3
0,12,149,3
0,12,150,3
0,12,151,3
0,12,152,3
0,12,153,2
0,12,154,2
0,12,155,2
0,12,156,2
0,12,157,2
0,12,158,2
0,12,159,2
0,12,160,1
0,12,161,1
0,12,162,1
0,12,163,1
0,12,164,1
0,12,165,1
0,12,166,1
0,12,167,1
0,12,168,2
0,12,169,2
0,12,170,3
0,12,171,3
0,12,172,3
0,12,173,3
0,12,174,3
0,12,175,3
0,12,176,3
0,12,177,2
0,12,178,2
0,12,179,2
0,12,180,2
0,12,181,2
0,12,182,2
0,12,183,2
0,12,184,1
0,12,185,1
0,12,186,1
0,12,187,1
0,12,188,1
0,12,189,1
0,12,190,1
0,12,191,1
0,12,192,2
0,12,193,2
0,12,194,3
0,12,195,3
0,12,196,3
0,12,197,3
0,12,198,3
0,12,199,3
0,12,200,3
0,12,201,3
0,12,202,3
0,12,203,3
0,12,204,3
0,12,205,3
0,12,206,3
0,12,207,3
0,12,208,3
0,12,209,3
0,12,210,3
0,12,211,2
0,12,212,2
0,12,213,2
0,12,214,2
0,12,215,2
0,12,216,2
0,12,217,2
0,12,218,3
0,12,219,3
0,12,220,3
0,12,221,3
0,12,222,3
0,12,223,3
0,12,224,3
0,12,225,3
0,12,226,3
0,12,227,3
0,12,228,3
0,12,229,3
0,12,230,3
0,12,231,3
0,12,232,3
0,12,233,3
0,12,234,3
0,12,235,2
0,12,236,2
0,12,237,2
0,12,238,2
0,12,239,2
0,12,240,2
0,12,241,2
0,12,242,3
0,12,243,3
0,12,244,3
0,12,245,3
0,12,246,3
0,12,247,3
0,12,248,3
0,12,249,2
0,12,250,2
0,12,251,2
0,12,252,2
0,12,253,2
0,12,254,2
0,12,255,2
0,12,256,1
0,12,257,1
0,12,258,1
0,12,259,1
0,12,260,1
0,12,261,1
0,12,262,1
0,12,263,1
0,12,264,2
0,12,265,2
0,12,266,3
0,12,267,3
0,12,268,3
0,12,269,3
0,12,270,3
0,12,271,3
0,12,272,3
0,12,273,2
0,12,274,2
0,12,275,2
0,12,276,2
0,12,277,2
0,12,278,2
0,12,279,2
0,12,280,1
0,12,281,1
0,12,282,1
0,12,283,1
0,12,284,1
0,12,285,1
0,12,286,1
0,12,287,1
0,12,288,2
0,12,289,2
0,12,290,3
0,12,291,3
0,12,292,3
0,12,293,3
0,12,294,3
0,12,295,3
0,12,296,3
0,12,297,2
0,12,298,2
0,12,299,2
0,12,300,2
0,12,301,2
0,12,302,2
0,12,303,2
0,12,304,1
0,12,305,1
0,12,306,1
0,12,307,1
0,12,308,1
0,12,309,1
0,12,310,1
0,12,311,1
0,12,312,2
0,12,313,2
0,12,314,3
0,12,315,3
0,12,316,3
0,12,317,3
0,12,318,3
0,12,319,3
0,12,320,3
0,12,321,2
0,12,322,2
0,12,323,2
0,12,324,2
0,12,325,2
0,12,326,2
0,12,327,2
0,12,328,1
0,12,329,1
0,12,330,1
0,12,331,1
0,12,332,1
0,12,333,1
0,12,334,1
0,12,335,1
0,12,336,2
0,12,337,2
0,12,338,3
0,12,339,3
0,12,340,3
0,12,341,3
0,12,342,3
0,12,343,3
0,12,344,3
0,12,345,2
0,12,346,2
0,12,347,2
0,12,348,2
0,12,349,2
0,12,350,2
0,12,351,2
0,12,352,1
0,12,353,1
0,12,354,1
0,12,355,1
0,12,356,1
0,12,357,1
0,12,358,1
0,12,359,1
0,12,360,2
0,12,361,2
0,12,362,3
0,12,363,3
0,12,364,3
0,12,365,3
0,12,366,3
0,12,367,3
0,12,368,3
0,12,369,3
0,12,370,3
0,12,371,3
0,12,372,3
0,12,373,3
0,12,374,3
0,12,375,3
0,12,376,3
0,12,377,3
0,12,378,3
0,12,379,2
0,12,380,2
0,12,381,2
0,12,382,2
0,12,383,2
0,12,384,2
0,12,385,2
0,12,386,3
0,12,387,3
0,12,388,3
0,12,389,3
0,12,390,3
0,12,391,3
0,12,392,3
0,12,393,3
0,12,394,3
0,12,395,3
0,12,396,3
0,12,397,3
0,12,398,3
0,12,399,3
0,12,400,3
0,12,401,3
0,12,402,3
0,12,403,2
0,12,404,2
0,12,405,2
0,12,406,2
0,12,407,2
0,12,408,2
0,12,409,2
0,12,410,3
0,12,411,3
0,12,412,3
0,12,413,3
0,12,414,3
0,12,415,3
0,12,416,3
0,12,417,2
0,12,418,2
0,12,419,2
0,12,420,2
0,12,421,2
0,12,422,2
0,12,423,2
0,12,424,1
0,12,425,1
0,12,426,1
0,12,427,1
0,12,428,1
0,12,429,1
0,12,430,1
0,12,431,1
0,12,432,2
0,12,433,2
0,12,434,3
0,12,435,3
0,12,436,3
0,12,437,3
0,12,438,3
0,12,439,3
0,12,440,3
0,12,441,2
0,12,442,2
0,12,443,2
0,12,444,2
0,12,445,2
0,12,446,2
0,12,447,2
0,12,448,1
0,12,449,1
0,12,450,1
0,12,451,1
0,12,452,1
0,12,453,1
0,12,454,1
0,12,455,1
0,12,456,2
0,12,457,2
0,12,458,3
0,12,459,3
0,12,460,3
0,12,461,3
0,12,462,3
0,12,463,3
0,12,464,3
0,12,465,2
0,12,466,2
0,12,467,2
0,12,468,2
0,12,469,2
0,12,470,2
0,12,471,2
0,12,472,1
0,12,473,1
0,12,474,1
0,12,475,1
0,12,476,1
0,12,477,1
0,12,478,1
0,12,479,1
0,12,480,2
0,12,481,2
0,12,482,3
0,12,483,3
0,12,484,3
0,12,485,3
0,12,486,3
0,12,487,3
0,12,488,3
0,12,489,2
0,12,490,2
0,12,491,2
0,12,492,2
0,12,493,2
0,12,494,2
0,12,495,2
0,12,496,1
0,12,497,1
0,12,498,1
0,12,499,1
0,12,500,1
0,12,501,1
0,12,502,1
0,12,503,1
0,12,504,2
0,12,505,2
0,12,506,3
0,12,507,3
0,12,508,3
0,12,509,3
0,12,510,3
0,12,511,3
0,12,512,3
0,12,513,2
0,12,514,2
0,12,515,2
0,12,516,2
0,12,517,2
0,12,518,2
0,12,519,2
0,12,520,1
0,12,521,1
0,12,522,1
0,12,523,1
0,12,524,1
0,12,525,1
0,12,526,1
0,12,527,1
0,12,528,2
0,12,529,2
0,12,530,3
0,12,531,3
0,12,532,3
0,12,533,3
0,12,534,3
0,12,535,3
0,12,536,3
0,12,537,3
0,12,538,3
0,12,539,3
0,12,540,3
0,12,541,3
0,12,542,3
0,12,543,3
0,12,544,3
0,12,545,3
0,12,546,3
0,12,547,2
0,12,548,2
0,12,549,2
0,12,550,2
0,12,551,2
0,12,552,2
0,12,553,2
0,12,554,3
0,12,555,3
0,12,556,3
0,12,557,3
0,12,558,3
0,12,559,3
0,12,560,3
0,12,561,3
0,12,562,3
0,12,563,3
0,12,564,3
0,12,565,3
0,12,566,3
0,12,567,3
0,12,568,3
0,12,569,3
0,12,570,3
0,12,571,2
0,12,572,2
0,12,573,2
0,12,574,2
0,12,575,2
0,12,576,2
0,12,577,2
0,12,578,3
0,12,579,3
0,12,580,3
0,12,581,3
0,12,582,3
0,12,583,3
0,12,584,3
0,12,585,3
0,12,586,3
0,12,587,3
0,12,588,3
0,12,589,3
0,12,590,3
0,12,591,3
0,12,592,3
0,12,593,3
0,12,594,3
0,12,595,2
0,12,596,2
0,12,597,2
0,12,598,2
0,12,599,2
0,12,600,2
0,12,601,2
0,12,602,3
0,12,603,3
0,12,604,3
0,12,605,3
0,12,606,3
0,12,607,3
0,12,608,3
0,12,609,2
0,12,610,2
0,12,611,2
0,12,612,2
0,12,613,2
0,12,614,2
0,12,615,2
0,12,616,1
0,12,617,1
0,12,618,1
0,12,619,1
0,12,620,1
0,12,621,1
0,12,622,1
0,12,623,1
0,12,624,2
0,12,625,2
0,12,626,3
0,12,627,3
0,12,628,3
0,12,629,3
0,12,630,3
0,12,631,3
0,12,632,3
0,12,633,2
0,12,634,2
0,12,635,2
0,12,636,2
0,12,637,2
0,12,638,2
0,12,639,2
0,12,640,1
0,12,641,1
0,12,642,1
0,12,643,1
0,12,644,1
0,12,645,1
0,12,646,1
0,12,647,1
0,12,648,2
0,12,649,2
0,12,650,3
0,12,651,3
0,12,652,3
0,12,653,3
0,12,654,3
0,12,655,3
0,12,656,3
0,12,657,2
0,12,658,2
0,12,659,2
0,12,660,2
0,12,661,2
0,12,662,2
0,12,663,2
0,12,664,1
0,12,665,1
0,12,666,1
0,12,667,1
0,12,668,1
0,12,669,1
0,12,670,1
0,12,671,1
0,12,672,2
0,12,673,2
0,12,674,3
0,12,675,3
0,12,676,3
0,12,677,3
0,12,678,3
0,12,679,3
0,12,680,3
0,12,681,2
0,12,682,2
0,12,683,2
0,12,684,2
0,12,685,2
0,12,686,2
0,12,687,2
0,12,688,1
0,12,689,1
0,12,690,1
0,12,691,1
0,12,692,1
0,12,693,1
0,12,694,1
0,12,695,1
0,12,696,2
0,12,697,2
0,12,698,3
0,12,699,3
0,12,700,3
0,12,701,3
0,12,702,3
0,12,703,3
0,12,704,3
0,12,705,3
0,12,706,3
0,12,707,3
0,12,708,3
0,12,709,3
0,12,710,3
0,12,711,3
0,12,712,3
0,12,713,3
0,12,714,3
0,12,715,2
0,12,716,2
0,12,717,2
0,12,718,2
0,12,719,2
0,12,720,2
0,12,721,2
0,12,722,3
0,12,723,3
0,12,724,3
0,12,725,3
0,12,726,3
0,12,727,3
0,12,728,3
0,12,729,3
0,12,730,3
0,12,731,3
0,12,732,3
0,12,733,3
0,12,734,3
0,12,735,3
0,12,736,3
0,12,737,3
0,12,738,3
0,12,739,2
0,12,740,2
0,12,741,2
0,12,742,2
0,12,743,2
0,12,744,2
